0 22
0 222
0 307
0 539
0 749
0 765
0 775
0 887
0 946
1 130
1 732
1 840
2 16
2 381
2 447
2 464
2 476
2 622
2 638
2 691
2 795
2 917
3 729
3 806
4 69
4 123
4 726
4 793
5 52
5 214
5 548
5 603
5 644
5 666
5 773
5 906
6 7
6 34
6 48
6 208
6 371
6 851
7 6
7 686
8 920
9 345
9 449
9 536
9 658
9 722
9 755
9 758
10 223
10 248
10 468
10 718
10 807
11 323
11 705
11 926
11 965
12 33
12 63
12 192
12 545
15 137
15 356
15 526
15 758
15 774
16 2
16 75
16 172
16 303
16 465
16 691
16 729
16 842
16 938
16 981
17 63
17 265
17 308
17 427
17 445
17 557
17 676
17 708
17 908
18 289
19 595
21 228
21 812
22 0
22 334
24 628
24 913
25 292
25 513
25 525
25 626
28 103
28 411
28 603
30 316
30 883
30 890
30 892
31 182
31 340
31 585
32 640
32 765
33 12
33 343
33 835
34 6
34 139
34 350
34 355
34 474
34 505
34 525
34 540
34 594
34 848
36 452
36 507
36 631
36 901
37 63
37 356
37 362
37 428
37 581
38 886
39 75
39 197
39 385
39 583
41 133
41 498
41 565
41 631
41 846
41 871
41 950
43 414
43 888
43 978
45 137
45 297
45 456
45 488
45 526
45 614
45 878
45 997
46 250
46 266
46 546
46 648
46 658
46 722
46 755
46 758
46 849
46 973
47 284
47 366
47 487
47 510
47 747
48 6
48 116
48 174
48 454
51 444
51 530
52 5
52 84
52 170
52 266
52 678
52 687
52 762
52 801
52 851
52 885
52 959
53 215
53 368
53 371
53 691
53 742
53 850
53 998
54 94
54 156
54 265
54 456
54 541
55 893
57 147
57 360
57 418
57 494
57 687
57 842
57 851
57 885
57 928
57 992
58 465
59 279
59 687
60 77
60 104
60 179
60 187
60 305
60 401
60 463
60 747
60 917
60 959
61 586
63 12
63 17
63 37
63 94
63 529
63 814
64 150
64 222
64 355
65 74
65 268
65 414
65 434
65 474
65 593
65 630
65 704
65 813
65 887
67 79
67 497
67 504
67 807
68 266
68 753
69 4
69 123
69 276
69 726
72 118
72 687
72 801
72 972
73 99
73 131
73 154
73 255
73 286
73 324
73 330
73 405
73 493
73 591
73 776
73 786
73 804
73 969
74 65
74 133
74 235
74 250
74 411
74 418
74 434
74 558
74 571
74 603
74 644
74 687
74 758
74 767
74 820
75 16
75 39
75 197
75 295
75 360
75 371
75 497
75 565
75 802
75 835
75 840
75 890
75 939
76 135
76 311
77 60
77 281
77 305
77 396
77 497
77 823
77 959
77 964
78 129
78 671
78 699
79 67
79 248
79 497
79 807
80 296
82 145
83 131
83 154
83 325
84 52
84 196
84 353
84 462
84 508
86 530
86 729
86 762
86 851
87 735
89 733
89 940
91 107
91 195
91 230
91 508
91 546
91 555
91 647
91 834
91 842
91 876
91 978
91 988
92 103
92 677
92 866
93 760
94 54
94 63
94 623
94 671
94 889
95 359
95 598
96 221
96 294
96 753
97 213
97 806
98 177
98 190
99 73
99 154
99 330
99 591
100 210
100 438
100 535
100 603
100 767
100 922
102 263
102 566
102 764
103 28
103 92
103 221
103 452
103 455
103 644
103 677
103 895
103 898
104 60
104 254
104 609
104 644
104 842
104 927
106 558
107 91
107 176
107 381
107 606
107 676
107 834
107 908
107 935
108 270
112 572
112 591
113 224
116 48
116 174
116 248
116 295
116 464
116 928
117 427
117 742
118 72
118 801
120 498
120 771
121 248
121 312
121 699
121 988
123 4
123 69
123 726
124 600
124 889
126 231
126 644
126 737
126 807
127 215
127 368
127 371
127 465
127 691
127 742
127 757
127 885
128 424
129 78
129 136
129 227
129 425
129 480
129 793
130 1
130 225
130 357
130 640
131 73
131 83
131 180
131 215
131 793
131 908
131 933
132 235
132 465
132 517
132 908
133 41
133 74
133 144
133 184
133 377
133 384
133 444
133 546
133 566
133 816
133 846
133 849
133 880
133 886
133 962
133 998
134 207
134 663
135 76
136 129
136 348
136 425
136 428
136 704
136 837
137 15
137 45
137 488
137 526
137 600
137 614
137 743
137 836
139 34
139 540
139 848
140 683
141 507
141 538
141 762
141 846
142 718
143 218
143 289
143 739
144 133
144 377
144 384
144 409
144 846
144 886
144 962
145 82
145 202
145 726
145 746
147 57
148 209
148 394
148 634
148 674
148 889
148 982
149 443
149 452
149 637
150 64
150 151
150 178
150 295
150 378
150 437
151 150
152 284
153 777
153 798
153 992
154 73
154 83
154 99
156 54
157 163
157 385
157 812
158 214
158 341
158 480
158 552
158 833
158 978
160 577
160 636
160 900
161 281
161 642
161 735
161 934
162 412
162 593
162 653
163 157
163 391
163 425
163 648
163 812
163 842
164 359
164 760
165 857
165 936
166 197
166 241
166 349
166 366
166 384
166 388
166 439
166 565
166 635
166 700
166 774
166 923
167 170
167 349
167 447
167 508
167 689
167 815
167 869
167 986
168 536
168 722
169 241
170 52
170 167
170 344
170 359
170 497
170 560
170 678
170 681
170 807
171 468
172 16
172 303
172 476
172 691
173 281
173 394
173 542
173 600
173 603
173 634
173 767
173 889
173 982
174 48
174 116
174 195
174 546
175 204
175 266
175 964
176 107
176 268
176 279
176 281
176 310
176 372
176 394
176 626
176 676
176 762
176 842
176 851
177 98
177 227
177 277
177 321
177 394
177 600
177 645
177 793
177 908
178 150
178 271
178 437
178 742
179 60
179 305
179 603
180 131
180 381
180 808
180 814
180 873
182 31
182 434
182 502
182 528
182 773
183 334
183 401
183 455
183 765
184 133
184 187
184 390
184 547
184 857
185 271
185 309
185 326
185 331
185 368
185 967
186 231
186 732
186 737
186 807
187 60
187 184
187 740
187 917
188 931
189 275
190 98
190 223
190 513
190 743
190 931
192 12
192 356
192 545
192 546
192 595
192 626
192 761
192 961
194 598
194 797
195 91
195 174
195 230
195 307
195 321
195 424
195 729
195 851
195 861
195 876
195 882
195 966
196 84
196 462
196 593
196 639
197 39
197 75
197 166
197 241
197 439
197 495
197 565
197 567
197 635
197 700
197 774
197 835
197 923
200 631
201 633
201 652
201 713
202 145
202 726
204 175
204 974
205 351
205 379
205 550
207 134
207 222
207 348
207 513
207 770
207 837
208 6
208 545
208 626
209 148
209 465
209 645
209 697
209 829
210 100
210 317
211 326
211 765
211 842
212 848
213 97
213 866
214 5
214 158
214 281
214 433
214 773
214 836
214 978
214 979
215 53
215 127
215 131
215 279
215 315
215 368
215 371
215 427
215 678
215 691
215 742
215 850
217 880
218 143
218 237
218 740
219 465
221 96
221 103
221 327
221 438
221 452
221 475
221 898
222 0
222 64
222 207
222 226
222 312
222 355
222 356
222 480
222 562
222 622
222 671
222 698
223 10
223 190
223 252
223 523
223 660
223 769
223 922
224 113
224 394
224 513
224 644
224 650
224 704
224 836
224 942
225 130
225 560
225 677
225 762
226 222
226 227
227 129
227 177
227 226
227 430
227 548
227 984
228 21
228 332
228 616
230 91
230 195
230 528
230 647
230 961
231 126
231 186
231 242
231 430
231 549
231 559
231 603
231 644
231 693
231 732
231 737
231 807
232 391
235 74
235 132
235 257
235 308
235 418
235 434
235 438
235 767
235 879
235 971
236 831
236 994
237 218
237 631
237 689
237 740
237 816
237 852
237 926
237 981
238 646
240 502
240 605
240 627
240 708
240 953
240 974
241 166
241 169
241 197
241 802
242 231
242 280
242 380
242 403
242 436
242 634
242 681
243 887
245 311
247 361
247 384
247 747
248 10
248 79
248 116
248 121
248 321
248 424
248 508
248 928
248 953
248 971
249 941
250 46
250 74
250 345
250 349
250 397
250 455
250 556
250 658
250 722
250 755
250 758
250 828
250 849
250 888
252 223
252 660
252 769
253 337
253 882
254 104
254 354
255 73
256 343
256 358
257 235
257 434
257 622
257 669
257 971
258 622
258 893
261 280
262 975
263 102
263 566
263 688
263 764
264 946
265 17
265 54
265 306
265 380
265 387
265 430
265 443
265 637
265 711
265 760
265 984
266 46
266 52
266 68
266 175
266 335
266 382
266 596
266 753
266 773
266 850
266 973
266 995
268 65
268 176
268 495
268 515
268 630
268 849
268 999
270 108
270 348
270 523
270 641
270 664
270 765
270 809
270 999
271 178
271 185
271 295
271 309
271 331
271 692
271 967
273 346
275 189
275 384
275 816
276 69
277 177
278 530
278 593
278 851
279 59
279 176
279 215
279 283
280 242
280 261
280 436
280 681
280 959
281 77
281 161
281 173
281 176
281 214
281 305
281 310
281 394
281 443
281 676
281 823
281 851
281 865
281 870
281 890
281 959
281 964
283 279
284 47
284 152
284 350
284 674
285 470
285 811
286 73
286 324
288 662
288 725
288 773
288 828
289 18
289 143
289 407
289 507
289 631
289 665
289 739
292 25
292 347
292 513
292 626
292 870
293 480
293 607
293 626
293 797
293 813
293 854
293 861
294 96
294 552
295 75
295 116
295 150
295 271
295 368
295 378
295 437
295 439
295 464
295 565
295 567
295 655
295 802
295 821
295 822
295 830
295 835
295 939
296 80
296 487
297 45
297 838
297 999
298 994
301 596
301 945
301 973
302 645
302 878
303 16
303 172
303 476
303 691
304 346
304 518
304 559
304 821
305 60
305 77
305 179
305 281
305 654
305 823
305 959
305 964
306 265
306 443
306 676
307 0
307 195
307 391
307 424
307 438
307 552
307 693
308 17
308 235
308 351
308 393
308 533
308 879
308 957
309 185
309 271
309 331
309 967
310 176
310 281
310 394
310 851
310 953
311 76
311 245
311 374
312 121
312 222
312 669
312 933
313 317
313 645
314 329
315 215
315 966
316 30
316 883
316 890
317 210
317 313
317 548
317 580
317 789
319 583
320 447
320 884
320 945
321 177
321 195
321 248
321 480
321 737
321 761
322 631
322 648
323 11
323 705
324 73
324 286
324 591
325 83
325 808
326 185
326 211
326 396
326 467
326 640
326 678
326 765
327 221
327 873
328 743
329 314
329 591
329 777
329 798
330 73
330 99
331 185
331 271
331 309
331 773
331 967
331 973
332 228
334 22
334 183
334 356
334 586
334 967
334 987
335 266
335 471
335 742
336 589
336 646
336 873
336 987
337 253
337 358
337 428
338 428
338 458
338 509
338 901
338 984
339 368
339 807
339 871
340 31
340 430
340 529
340 595
340 878
341 158
341 636
341 644
343 33
343 256
343 356
343 428
343 431
343 542
344 170
344 359
345 9
345 250
345 536
345 546
345 626
345 755
345 758
346 273
346 304
346 775
346 801
346 994
347 292
347 394
347 425
347 626
347 704
348 136
348 207
348 270
348 523
348 529
348 837
349 166
349 167
349 250
350 34
350 284
350 355
350 357
350 540
350 697
350 708
350 848
351 205
351 308
351 795
351 922
351 943
352 366
352 622
352 893
353 84
353 449
353 463
353 540
353 563
353 848
354 254
354 661
354 709
354 775
354 820
355 34
355 64
355 222
355 350
355 712
355 828
355 956
356 15
356 37
356 192
356 222
356 334
356 343
356 428
356 529
356 581
356 646
356 742
356 774
356 835
356 908
356 987
357 130
357 350
357 616
358 256
358 337
359 95
359 164
359 170
359 344
359 396
359 425
359 521
359 559
359 560
359 760
360 57
360 75
360 376
360 385
360 404
360 418
360 497
360 550
360 567
360 600
360 687
360 720
360 805
360 890
360 989
361 247
362 37
362 847
366 47
366 166
366 352
366 730
368 53
368 127
368 185
368 215
368 295
368 339
368 371
368 476
368 598
368 691
368 698
368 807
368 821
368 912
368 920
368 957
369 387
369 530
369 593
370 493
371 6
371 53
371 75
371 127
371 215
371 368
371 378
371 385
371 465
371 476
371 497
371 508
371 572
371 691
371 719
371 742
371 757
371 790
371 817
371 823
371 850
371 912
372 176
372 762
372 890
374 311
374 422
374 444
375 840
376 360
376 762
376 973
377 133
377 144
377 384
377 846
377 886
377 944
377 962
378 150
378 295
378 371
378 437
378 878
378 968
379 205
380 242
380 265
380 396
380 403
380 436
380 634
380 681
381 2
381 107
381 180
381 669
381 692
381 821
381 922
381 935
382 266
384 133
384 144
384 166
384 247
384 275
384 377
384 495
384 559
384 846
384 855
384 886
384 962
385 39
385 157
385 360
385 371
385 453
385 648
385 719
385 802
387 265
387 369
387 482
387 485
387 492
387 535
387 553
387 571
387 687
387 833
387 942
388 166
389 492
389 709
390 184
390 785
390 953
391 163
391 232
391 307
391 698
391 704
391 807
391 842
391 993
392 434
392 845
393 308
393 626
393 879
394 148
394 173
394 176
394 177
394 224
394 281
394 310
394 347
394 634
394 889
394 982
396 77
396 326
396 359
396 380
396 447
396 638
397 250
397 658
397 722
400 569
400 741
401 60
401 183
401 454
401 637
403 242
403 380
403 436
403 547
403 681
404 360
404 753
404 831
404 842
405 73
405 847
407 289
407 447
407 449
407 507
407 527
407 637
407 665
407 689
407 842
409 144
409 866
409 921
411 28
411 74
411 608
411 741
411 825
412 162
412 877
413 458
413 488
413 545
413 944
414 43
414 65
414 650
417 835
418 57
418 74
418 235
418 360
418 434
418 438
418 621
418 623
418 676
419 840
422 374
424 128
424 195
424 248
424 307
424 425
424 580
424 704
425 129
425 136
425 163
425 347
425 359
425 424
425 428
425 601
425 704
425 812
425 878
425 985
426 456
426 488
426 600
426 768
426 878
426 997
427 17
427 117
427 215
427 742
427 890
428 37
428 136
428 337
428 338
428 343
428 356
428 425
428 545
428 581
428 704
428 761
428 908
429 564
429 831
430 227
430 231
430 265
430 340
430 549
430 585
430 603
430 676
430 729
430 793
430 807
430 835
430 842
430 984
431 343
431 768
433 214
433 978
434 65
434 74
434 182
434 235
434 257
434 392
434 418
434 621
434 656
434 669
434 716
434 767
434 922
434 966
436 242
436 280
436 380
436 403
436 453
436 541
436 588
436 634
436 681
437 150
437 178
437 295
437 378
437 692
437 926
438 100
438 221
438 235
438 307
438 418
438 535
438 542
438 558
438 663
439 166
439 197
439 295
439 700
439 835
443 149
443 265
443 281
443 306
443 546
443 637
443 870
444 51
444 133
444 374
444 470
444 687
445 17
447 2
447 167
447 320
447 396
447 407
447 546
447 631
447 710
447 945
447 961
448 571
449 9
449 353
449 407
449 463
449 631
449 747
449 765
449 849
449 981
451 850
452 36
452 103
452 149
452 221
452 507
452 640
452 898
452 936
452 995
453 385
453 436
453 558
453 559
453 689
453 805
453 908
454 48
454 401
454 580
454 762
454 876
454 966
455 103
455 183
455 250
455 476
455 722
455 725
455 758
455 828
456 45
456 54
456 426
456 614
456 814
456 878
457 852
458 338
458 413
458 628
458 849
458 913
458 926
458 986
458 998
459 468
459 585
459 854
462 84
462 196
463 60
463 353
463 449
463 533
463 539
463 709
463 860
464 2
464 116
464 295
464 913
465 16
465 58
465 127
465 132
465 209
465 219
465 371
465 626
465 790
465 938
466 530
466 687
467 326
467 529
467 564
467 823
467 866
467 962
468 10
468 171
468 459
468 496
468 933
470 285
470 444
471 335
471 508
471 840
474 34
474 65
475 221
476 2
476 172
476 303
476 368
476 371
476 455
476 691
476 742
476 850
476 920
477 530
477 584
477 616
477 873
477 921
478 521
479 554
479 670
480 129
480 158
480 222
480 293
480 321
480 526
480 548
480 693
480 761
480 854
480 957
480 978
481 664
481 912
482 387
483 995
485 387
485 639
485 767
485 773
485 833
486 680
486 687
486 873
486 901
486 968
487 47
487 296
487 636
487 658
487 721
488 45
488 137
488 413
488 426
488 878
488 919
488 944
489 631
489 678
489 765
489 809
492 387
492 389
493 73
493 370
494 57
494 885
495 197
495 268
495 384
495 546
495 945
495 961
496 468
497 67
497 75
497 77
497 79
497 170
497 360
497 371
497 600
497 757
497 807
497 823
498 41
498 120
498 509
498 631
502 182
502 240
502 528
502 773
504 67
505 34
507 36
507 141
507 289
507 407
507 452
507 565
507 631
507 771
507 886
507 995
508 84
508 91
508 167
508 248
508 371
508 471
508 519
508 587
508 628
508 664
508 671
508 693
508 768
508 807
508 913
508 986
508 989
509 338
509 498
509 581
509 631
510 47
512 557
513 25
513 190
513 207
513 224
513 292
513 704
513 829
513 878
515 268
515 772
515 816
515 880
515 904
516 535
517 132
518 304
519 508
519 562
519 652
521 359
521 478
521 633
521 652
521 713
521 765
523 223
523 270
523 348
523 546
523 660
524 915
525 25
525 34
525 816
525 880
526 15
526 45
526 137
526 480
526 543
527 407
527 640
528 182
528 230
528 502
529 63
529 340
529 348
529 356
529 467
529 585
529 623
529 633
529 750
529 869
529 921
530 51
530 86
530 278
530 369
530 466
530 477
530 593
530 607
530 687
530 729
530 762
530 851
530 927
530 933
531 637
531 888
531 940
533 308
533 463
533 573
534 904
534 926
535 100
535 387
535 438
535 516
535 833
536 9
536 168
536 345
536 546
536 600
536 676
536 722
536 758
538 141
538 801
539 0
539 463
539 873
540 34
540 139
540 350
540 353
540 650
540 848
541 54
541 436
542 173
542 343
542 438
542 603
542 767
543 526
543 779
545 12
545 192
545 208
545 413
545 428
545 622
545 626
545 655
545 704
545 761
546 46
546 91
546 133
546 174
546 192
546 345
546 443
546 447
546 495
546 523
546 536
546 722
546 758
546 842
546 876
546 886
546 896
546 913
547 184
547 403
547 697
547 806
547 842
548 5
548 227
548 317
548 480
548 666
548 773
548 984
549 231
549 430
549 737
550 205
550 360
550 567
550 805
550 890
550 949
552 158
552 294
552 307
552 978
553 387
553 833
554 479
554 904
555 91
556 250
556 869
556 885
557 17
557 512
557 982
558 74
558 106
558 438
558 453
558 559
558 749
559 231
559 304
559 359
559 384
559 453
559 558
559 637
559 749
559 968
559 975
560 170
560 225
560 359
560 609
560 687
560 762
562 222
562 519
562 652
562 773
563 353
564 429
564 467
564 880
565 41
565 75
565 166
565 197
565 295
565 507
565 567
565 583
565 802
565 822
565 845
565 846
565 849
565 866
565 896
565 939
566 102
566 133
566 263
566 688
566 764
566 772
567 197
567 295
567 360
567 550
567 565
567 655
567 802
567 805
567 822
567 835
567 890
569 400
571 74
571 387
571 448
571 687
571 735
571 873
572 112
572 371
572 587
572 595
572 812
572 913
573 533
576 585
577 160
578 858
579 967
580 317
580 424
580 454
580 664
580 859
581 37
581 356
581 428
581 509
583 39
583 319
583 565
584 477
584 645
585 31
585 430
585 459
585 529
585 576
585 669
585 671
585 854
586 61
586 334
586 923
586 973
586 987
587 508
587 572
587 854
588 436
588 644
589 336
589 873
590 641
590 670
590 743
591 73
591 99
591 112
591 324
591 329
591 793
591 878
593 65
593 162
593 196
593 278
593 369
593 530
593 605
593 687
593 729
593 767
594 34
594 773
595 19
595 192
595 340
595 572
595 704
595 770
596 266
596 301
598 95
598 194
598 368
599 709
600 124
600 137
600 173
600 177
600 360
600 426
600 497
600 536
600 908
601 425
601 645
603 5
603 28
603 74
603 100
603 173
603 179
603 231
603 430
603 542
603 644
603 767
603 807
603 820
605 240
605 593
605 606
605 719
605 953
606 107
606 605
606 664
606 885
607 293
607 530
608 411
609 104
609 560
609 762
609 842
609 944
609 962
614 45
614 137
614 456
614 640
614 790
616 228
616 357
616 477
616 732
618 814
618 904
621 418
621 434
622 2
622 222
622 257
622 258
622 352
622 545
622 669
622 699
622 767
622 829
622 882
622 893
623 94
623 418
623 529
624 837
626 25
626 176
626 192
626 208
626 292
626 293
626 345
626 347
626 393
626 465
626 545
626 644
626 719
626 737
626 761
626 938
626 939
627 240
628 24
628 458
628 508
628 913
630 65
630 268
630 704
630 966
631 36
631 41
631 200
631 237
631 289
631 322
631 447
631 449
631 489
631 498
631 507
631 509
631 682
631 765
631 772
631 809
631 816
631 901
631 944
631 995
631 998
633 201
633 521
633 529
633 713
634 148
634 173
634 242
634 380
634 394
634 436
634 908
634 982
635 166
635 197
635 774
635 805
635 959
636 160
636 341
636 487
637 149
637 265
637 401
637 407
637 443
637 531
637 559
637 679
637 689
637 711
637 765
637 888
638 2
638 396
638 669
638 773
638 996
639 196
639 485
639 890
640 32
640 130
640 326
640 452
640 527
640 614
640 771
641 270
641 590
641 823
641 915
641 999
642 161
642 735
643 700
643 842
644 5
644 74
644 103
644 104
644 126
644 224
644 231
644 341
644 588
644 603
644 626
644 732
644 737
644 807
644 828
644 842
644 959
645 177
645 209
645 302
645 313
645 584
645 601
645 920
645 928
646 238
646 336
646 356
646 987
647 91
647 230
647 683
647 988
648 46
648 163
648 322
648 385
648 659
648 812
650 224
650 414
650 540
650 953
652 201
652 519
652 521
652 562
652 713
652 817
653 162
654 305
654 964
655 295
655 545
655 567
655 760
655 835
655 881
655 939
656 434
656 827
658 9
658 46
658 250
658 397
658 487
658 722
658 755
658 758
659 648
659 809
659 812
659 835
659 974
660 223
660 252
660 523
661 354
662 288
662 972
663 134
663 438
664 270
664 481
664 508
664 580
664 606
664 999
665 289
665 407
665 888
666 5
666 548
666 773
669 257
669 312
669 381
669 434
669 585
669 622
669 638
669 933
669 996
670 479
670 590
670 947
671 78
671 94
671 222
671 508
671 585
671 712
671 854
671 913
674 148
674 284
676 17
676 107
676 176
676 281
676 306
676 418
676 430
676 536
677 92
677 103
677 225
677 840
678 52
678 170
678 215
678 326
678 489
678 762
678 765
678 809
678 880
679 637
679 842
679 892
680 486
681 170
681 242
681 280
681 380
681 403
681 436
682 631
683 140
683 647
683 957
686 7
687 52
687 57
687 59
687 72
687 74
687 360
687 387
687 444
687 466
687 486
687 530
687 560
687 571
687 593
687 729
687 747
687 758
687 762
687 801
687 851
687 885
687 890
687 946
688 263
688 566
689 167
689 237
689 407
689 453
689 637
689 765
691 2
691 16
691 53
691 127
691 172
691 215
691 303
691 368
691 371
691 476
691 742
691 821
691 908
691 912
691 920
692 271
692 381
692 437
692 821
692 859
693 231
693 307
693 480
693 508
693 797
693 895
693 989
695 870
697 209
697 350
697 547
698 222
698 368
698 391
698 699
698 789
699 78
699 121
699 622
699 698
699 893
700 166
700 197
700 439
700 643
700 713
700 890
702 862
704 65
704 136
704 224
704 347
704 391
704 424
704 425
704 428
704 513
704 545
704 595
704 630
704 770
705 11
705 323
708 17
708 240
708 350
708 973
709 354
709 389
709 463
709 599
709 767
709 872
709 934
709 958
710 447
710 717
710 945
710 961
711 265
711 637
711 842
712 355
712 671
712 797
713 201
713 521
713 633
713 652
713 700
716 434
717 710
717 733
717 945
717 961
718 10
718 142
718 932
719 371
719 385
719 605
719 626
719 881
720 360
721 487
722 9
722 46
722 168
722 250
722 397
722 455
722 536
722 546
722 658
722 755
722 758
722 849
722 957
725 288
725 455
725 828
725 958
726 4
726 69
726 123
726 145
726 202
726 743
727 747
728 793
729 3
729 16
729 86
729 195
729 430
729 530
729 593
729 687
729 762
729 783
729 851
730 366
730 975
731 811
731 872
732 1
732 186
732 231
732 616
732 644
732 737
732 828
733 89
733 717
733 945
735 87
735 161
735 571
735 642
735 758
737 126
737 186
737 231
737 321
737 549
737 626
737 644
737 732
737 799
737 807
737 828
739 143
739 289
740 187
740 218
740 237
740 903
741 400
741 411
742 53
742 117
742 127
742 178
742 215
742 335
742 356
742 371
742 427
742 476
742 691
742 850
742 912
742 920
743 137
743 190
743 328
743 590
743 726
743 878
745 849
746 145
746 947
747 47
747 60
747 247
747 449
747 687
747 727
747 762
749 0
749 558
749 559
750 529
751 992
753 68
753 96
753 266
753 404
754 944
755 9
755 46
755 250
755 345
755 658
755 722
755 758
755 849
757 127
757 371
757 497
758 9
758 15
758 46
758 74
758 250
758 345
758 455
758 536
758 546
758 658
758 687
758 722
758 735
758 755
758 846
758 849
758 908
760 93
760 164
760 265
760 359
760 655
760 984
761 192
761 321
761 428
761 480
761 545
761 626
762 52
762 86
762 141
762 176
762 225
762 372
762 376
762 454
762 530
762 560
762 609
762 678
762 687
762 729
762 747
762 792
762 851
762 890
762 962
764 102
764 263
764 566
764 927
765 0
765 32
765 183
765 211
765 270
765 326
765 449
765 489
765 521
765 631
765 637
765 678
765 689
765 809
767 74
767 100
767 173
767 235
767 434
767 485
767 542
767 593
767 603
767 622
767 709
767 906
768 426
768 431
768 508
768 982
769 223
769 252
770 207
770 595
770 704
770 989
771 120
771 507
771 640
772 515
772 566
772 631
772 816
772 880
773 5
773 182
773 214
773 266
773 288
773 331
773 485
773 502
773 548
773 562
773 594
773 638
773 666
773 996
774 15
774 166
774 197
774 356
774 635
774 923
775 0
775 346
775 354
776 73
777 153
777 329
777 793
779 543
783 729
784 957
785 390
785 950
785 972
786 73
788 949
789 317
789 698
789 926
790 371
790 465
790 614
792 762
793 4
793 129
793 131
793 177
793 430
793 591
793 728
793 777
793 800
793 810
793 941
793 992
794 969
795 2
795 351
796 835
796 943
797 194
797 293
797 693
797 712
798 153
798 329
799 737
799 828
800 793
801 52
801 72
801 118
801 346
801 538
801 687
801 834
801 851
801 885
802 75
802 241
802 295
802 385
802 565
802 567
802 829
802 851
802 923
802 939
802 982
804 73
805 360
805 453
805 550
805 567
805 635
805 890
805 933
805 959
806 3
806 97
806 547
806 855
806 872
806 873
807 10
807 67
807 79
807 126
807 170
807 186
807 231
807 339
807 368
807 391
807 430
807 497
807 508
807 603
807 644
807 737
808 180
808 325
809 270
809 489
809 631
809 659
809 678
809 765
810 793
811 285
811 731
812 21
812 157
812 163
812 425
812 572
812 648
812 659
813 65
813 293
813 854
814 63
814 180
814 456
814 618
815 167
816 133
816 237
816 275
816 515
816 525
816 631
816 772
816 872
816 880
817 371
817 652
817 850
820 74
820 354
820 603
820 827
821 295
821 304
821 368
821 381
821 691
821 692
821 859
821 931
821 935
822 295
822 565
822 567
822 835
822 939
823 77
823 281
823 305
823 371
823 467
823 497
823 641
823 915
823 959
823 999
825 411
827 656
827 820
828 250
828 288
828 355
828 455
828 644
828 725
828 732
828 737
828 799
829 209
829 513
829 622
829 802
829 890
830 295
831 236
831 404
831 429
833 158
833 387
833 485
833 535
833 553
833 978
834 91
834 107
834 801
834 851
834 885
834 978
834 979
835 33
835 75
835 197
835 295
835 356
835 417
835 430
835 439
835 567
835 655
835 659
835 796
835 822
835 886
835 908
835 957
835 974
836 137
836 214
836 224
837 136
837 207
837 348
837 624
838 297
840 1
840 75
840 375
840 419
840 471
840 677
840 892
840 997
842 16
842 57
842 91
842 104
842 163
842 176
842 211
842 391
842 404
842 407
842 430
842 546
842 547
842 609
842 643
842 644
842 679
842 711
842 851
842 932
845 392
845 565
845 849
845 939
846 41
846 133
846 141
846 144
846 377
846 384
846 565
846 758
846 886
846 923
846 933
847 362
847 405
848 34
848 139
848 212
848 350
848 353
848 540
848 957
848 974
849 46
849 133
849 250
849 268
849 449
849 458
849 565
849 722
849 745
849 755
849 758
849 845
849 901
849 939
849 998
850 53
850 215
850 266
850 371
850 451
850 476
850 742
850 817
850 912
851 6
851 52
851 57
851 86
851 176
851 195
851 278
851 281
851 310
851 530
851 687
851 729
851 762
851 801
851 802
851 834
851 842
851 861
851 885
851 890
851 982
852 237
852 457
852 862
854 293
854 459
854 480
854 585
854 587
854 671
854 813
855 384
855 806
857 165
857 184
858 578
858 971
859 580
859 692
859 821
860 463
861 195
861 293
861 851
861 876
861 993
862 702
862 852
865 281
865 906
866 92
866 213
866 409
866 467
866 565
869 167
869 529
869 556
870 281
870 292
870 443
870 695
871 41
871 339
871 967
872 709
872 731
872 806
872 816
872 873
872 934
872 958
872 998
873 180
873 327
873 336
873 477
873 486
873 539
873 571
873 589
873 806
873 872
876 91
876 195
876 454
876 546
876 861
876 886
876 889
876 913
877 412
878 45
878 302
878 340
878 378
878 425
878 426
878 456
878 488
878 513
878 591
878 743
878 908
878 997
879 235
879 308
879 393
880 133
880 217
880 515
880 525
880 564
880 678
880 772
880 816
881 655
881 719
881 940
882 195
882 253
882 622
883 30
883 316
883 890
883 892
883 963
884 320
884 945
885 52
885 57
885 127
885 494
885 556
885 606
885 687
885 801
885 834
885 851
886 38
886 133
886 144
886 377
886 384
886 507
886 546
886 835
886 846
886 876
886 913
887 0
887 65
887 243
888 43
888 250
888 531
888 637
888 665
888 940
889 94
889 124
889 148
889 173
889 394
889 876
889 982
890 30
890 75
890 281
890 316
890 360
890 372
890 427
890 550
890 567
890 639
890 687
890 700
890 762
890 805
890 829
890 851
890 883
890 923
890 949
892 30
892 679
892 840
892 883
892 980
893 55
893 258
893 352
893 622
893 699
895 103
895 693
896 546
896 565
896 913
898 103
898 221
898 452
898 983
900 160
901 36
901 338
901 486
901 631
901 849
903 740
904 515
904 534
904 554
904 618
906 5
906 767
906 865
906 958
908 17
908 107
908 131
908 132
908 177
908 356
908 428
908 453
908 600
908 634
908 691
908 758
908 835
908 878
911 967
912 368
912 371
912 481
912 691
912 742
912 850
913 24
913 458
913 464
913 508
913 546
913 572
913 628
913 671
913 876
913 886
913 896
915 524
915 641
915 823
917 2
917 60
917 187
917 950
919 488
920 8
920 368
920 476
920 645
920 691
920 742
921 409
921 477
921 529
922 100
922 223
922 351
922 381
922 434
923 166
923 197
923 586
923 774
923 802
923 846
923 890
926 11
926 237
926 437
926 458
926 534
926 789
927 104
927 530
927 764
928 57
928 116
928 248
928 645
931 188
931 190
931 821
932 718
932 842
933 131
933 312
933 468
933 530
933 669
933 805
933 846
933 996
934 161
934 709
934 872
934 958
935 107
935 381
935 821
936 165
936 452
938 16
938 465
938 626
939 75
939 295
939 565
939 626
939 655
939 802
939 822
939 845
939 849
940 89
940 531
940 881
940 888
941 249
941 793
942 224
942 387
943 351
943 796
943 952
944 377
944 413
944 488
944 609
944 631
944 754
945 301
945 320
945 447
945 495
945 710
945 717
945 733
945 884
945 961
946 0
946 264
946 687
946 968
947 670
947 746
949 550
949 788
949 890
950 41
950 785
950 917
952 943
953 240
953 248
953 310
953 390
953 605
953 650
956 355
957 308
957 368
957 480
957 683
957 722
957 784
957 835
957 848
958 709
958 725
958 872
958 906
958 934
959 52
959 60
959 77
959 280
959 281
959 305
959 635
959 644
959 805
959 823
959 964
961 192
961 230
961 447
961 495
961 710
961 717
961 945
962 133
962 144
962 377
962 384
962 467
962 609
962 762
963 883
964 77
964 175
964 281
964 305
964 654
964 959
965 11
966 195
966 315
966 434
966 454
966 630
967 185
967 271
967 309
967 331
967 334
967 579
967 871
967 911
968 378
968 486
968 559
968 946
969 73
969 794
971 235
971 248
971 257
971 858
972 72
972 662
972 785
973 46
973 266
973 301
973 331
973 376
973 586
973 708
974 204
974 240
974 659
974 835
974 848
975 262
975 559
975 730
978 43
978 91
978 158
978 214
978 433
978 480
978 552
978 833
978 834
978 979
979 214
979 834
979 978
980 892
981 16
981 237
981 449
982 148
982 173
982 394
982 557
982 634
982 768
982 802
982 851
982 889
983 898
984 227
984 265
984 338
984 430
984 548
984 760
985 425
986 167
986 458
986 508
987 334
987 336
987 356
987 586
987 646
988 91
988 121
988 647
989 360
989 508
989 693
989 770
992 57
992 153
992 751
992 793
993 391
993 861
994 236
994 298
994 346
995 266
995 452
995 483
995 507
995 631
996 638
996 669
996 773
996 933
997 45
997 426
997 840
997 878
998 53
998 133
998 458
998 631
998 849
998 872
999 268
999 270
999 297
999 641
999 664
999 823
