729: 3071, 3297, 4359, 6713, 7068, 7999, 9890, 10709, 10825, 11038, 11235, 11930
806: 1430, 3071, 10709, 11038
1430: 806, 2101, 3297, 4359, 6713, 7366, 9597, 10095, 10153, 10709, 11002, 11038, 11235, 12687
2101: 1430, 3071, 3297, 4359, 6713, 7060, 10095, 10153, 10825, 11002, 11235
3071: 729, 806, 2101, 3297, 4359, 5653, 6713, 7068, 9159, 10825, 11002, 11038, 11235
3297: 729, 1430, 2101, 3071, 4359, 6713, 7060, 7068, 9159, 9890, 10095, 10153, 10825, 11002, 11038, 11235, 11930
4359: 729, 1430, 2101, 3071, 3297, 5271, 6713, 7060, 7068, 7366, 9159, 10095, 10153, 10709, 10825, 11002, 11038, 11235
5271: 4359, 6413, 6713, 8378, 10709, 10825
5653: 3071, 6713, 7719, 7999, 8186, 11038, 11930
6413: 5271, 6713, 7068, 7366, 7719, 7999, 8378, 9890, 10153, 10958, 11002, 11038, 11235, 11692, 12687
6713: 729, 1430, 2101, 3071, 3297, 4359, 5271, 5653, 6413, 7060, 7068, 7366, 7719, 7999, 8378, 9159, 9597, 9890, 9898, 10095, 10153, 10709, 10825, 10958, 11002, 11038, 11235, 11692, 11930
7060: 2101, 3297, 4359, 6713, 7366, 8378, 9159, 9890, 10095, 10153, 10709, 10958, 11002, 11038, 11235
7068: 729, 3071, 3297, 4359, 6413, 6713, 7366, 7719, 7999, 9159, 10095, 10153, 10709, 10825, 11002, 11038, 11235, 11930
7366: 1430, 4359, 6413, 6713, 7060, 7068, 7719, 7999, 8378, 9159, 9635, 9890, 10709, 10958, 11002, 11038, 11692, 12687
7719: 5653, 6413, 6713, 7068, 7366, 7999, 8378, 9159, 9597, 9890, 10709, 10825, 10958, 11038, 12687
7999: 729, 5653, 6413, 6713, 7068, 7366, 7719, 8186, 10709, 11930
8186: 5653, 7999, 9898, 10709, 11038, 11930
8378: 5271, 6413, 6713, 7060, 7366, 7719, 9597, 9890, 10095, 10709, 10958, 11038, 11235, 11930, 12687
9159: 3071, 3297, 4359, 6713, 7060, 7068, 7366, 7719, 9890, 9898, 10095, 10153, 10709, 10958, 11002, 11038, 12687
9597: 1430, 6713, 7719, 8378, 9898, 10825, 10958, 11038, 12687
9635: 7366, 11692
9890: 729, 3297, 6413, 6713, 7060, 7366, 7719, 8378, 9159, 10153, 10709, 10958, 11002, 11038, 11692, 12687
9898: 6713, 8186, 9159, 9597, 10958, 11038, 12687
10095: 1430, 2101, 3297, 4359, 6713, 7060, 7068, 8378, 9159, 10153, 10709, 11002, 11235, 11930
10153: 1430, 2101, 3297, 4359, 6413, 6713, 7060, 7068, 9159, 9890, 10095, 11002, 11038, 11235, 11692
10709: 729, 806, 1430, 4359, 5271, 6713, 7060, 7068, 7366, 7719, 7999, 8186, 8378, 9159, 9890, 10095, 10958, 11002, 11038, 11692, 11930, 12687
10825: 729, 2101, 3071, 3297, 4359, 5271, 6713, 7068, 7719, 9597, 11002, 11038, 11235, 11692, 11930
10958: 6413, 6713, 7060, 7366, 7719, 8378, 9159, 9597, 9890, 9898, 10709, 11002, 11038, 11692, 12687
11002: 1430, 2101, 3071, 3297, 4359, 6413, 6713, 7060, 7068, 7366, 9159, 9890, 10095, 10153, 10709, 10825, 10958, 11038, 11235
11038: 729, 806, 1430, 3071, 3297, 4359, 5653, 6413, 6713, 7060, 7068, 7366, 7719, 8186, 8378, 9159, 9597, 9890, 9898, 10153, 10709, 10825, 10958, 11002, 11235, 12687
11235: 729, 1430, 2101, 3071, 3297, 4359, 6413, 6713, 7060, 7068, 8378, 10095, 10153, 10825, 11002, 11038, 11930
11692: 6413, 6713, 7366, 9635, 9890, 10153, 10709, 10825, 10958
11930: 729, 3297, 5653, 6713, 7068, 7999, 8186, 8378, 10095, 10709, 10825, 11235
12687: 1430, 6413, 7366, 7719, 8378, 9159, 9597, 9890, 9898, 10709, 10958, 11038
