7: 1741, 5013, 7527, 10921
34: 1138, 5817, 7453
48: 1906
208: 3961, 6947, 8015, 8736, 10921, 12785
371: 3196, 3961, 4885, 6723, 8015, 8736, 8886, 9931, 12031, 12785, 14390, 14517
851: 4017, 4535, 4552, 4885, 4972, 5687, 10562, 11310, 12031, 13182
1138: 34, 1963, 5817, 7453, 8544, 8886, 9642
1576: 7133
1741: 7, 1889, 1963, 2540, 3196, 3961, 5013, 5817, 6947, 7527, 9554, 9752, 10921, 11406, 12069, 12785
1889: 1741, 3196, 3627, 6947, 7558, 8644, 10921, 12069
1906: 48, 3364, 3961, 4552, 4972, 7133, 10139, 10562, 13182, 13870
1963: 1138, 1741, 5817, 9642, 9752, 11406, 12032, 14798
2092: 4017
2217: 4017, 5817, 6723, 7860, 8736, 8906, 10814, 11406, 12032, 13358, 14390, 14798
2540: 1741, 3627, 5817, 6723, 7558, 7860, 8644, 8906, 9642, 9752, 9755, 11406, 12785, 13358, 14517
3196: 371, 1741, 1889, 3961, 6723, 6947, 8015, 8286, 9554, 9752, 9931, 10921
3364: 1906
3627: 1889, 2540, 3961, 5380, 5817, 6947, 8286, 9752, 11406, 12069
3961: 208, 371, 1741, 1906, 3196, 3627, 6947, 7527, 7860, 8286, 8736, 8886, 9554, 9642, 10425, 10921, 12069, 13358
4017: 851, 2092, 2217, 7860, 9642, 13358, 14275, 14779, 14798
4458: 6723, 8544, 8644, 14275
4535: 851, 4552, 4972, 5687, 7934, 10562, 11310, 12031, 13182
4552: 851, 1906, 4535, 4972, 5687, 7934, 9931, 10562, 11310, 12031, 13182, 13870
4885: 371, 851, 9931
4972: 851, 1906, 4535, 4552, 7934, 10562, 11310, 12031, 13182, 13870
5013: 7, 1741, 6723, 7860, 9752, 9755, 12785, 13358, 14779
5380: 3627, 8286, 8736, 10921, 12069, 14798
5486: 6723, 8906, 14517
5687: 851, 4535, 4552, 9931, 11310
5817: 34, 1138, 1741, 1963, 2217, 2540, 3627, 6723, 6947, 7453, 7558, 7860, 8544, 8644, 8736, 8906, 9554, 9642, 9752, 12032, 12785, 13358, 14390, 14517, 14945
5829: 9752
6723: 371, 2217, 2540, 3196, 4458, 5013, 5486, 5817, 7453, 7558, 7860, 8544, 8644, 8736, 8886, 8906, 9642, 9755, 12032, 12785, 13358, 14517, 14945
6947: 208, 1741, 1889, 3196, 3627, 3961, 5817, 7527, 8015, 8286, 9554, 9752, 12069, 13182
7133: 1576, 1906, 9554, 13870
7453: 34, 1138, 5817, 6723, 8544, 9554
7527: 7, 1741, 3961, 6947, 9752, 10921
7558: 1889, 2540, 5817, 6723, 7860, 8644, 8736, 8906, 9642, 9755, 11406, 12032, 13358, 14517, 14945
7860: 2217, 2540, 3961, 4017, 5013, 5817, 6723, 7558, 8286, 8736, 8886, 9554, 9642, 12032, 12785, 13358, 14275, 14390, 14517, 14779, 14798
7934: 4535, 4552, 4972, 10562, 12031, 13182
8015: 208, 371, 3196, 6947, 8286, 9554, 9752
8286: 3196, 3627, 3961, 5380, 6947, 7860, 8015, 8736, 9554, 9752, 10921, 13358
8544: 1138, 4458, 5817, 6723, 7453, 9642, 9755, 13525, 14275, 14517
8644: 1889, 2540, 4458, 5817, 6723, 7558
8736: 208, 371, 2217, 3961, 5380, 5817, 6723, 7558, 7860, 8286, 8886, 8906, 9642, 9755, 12032, 12785, 13358, 14275, 14390, 14517, 14779, 14798, 14945
8886: 371, 1138, 3961, 6723, 7860, 8736, 14275
8906: 2217, 2540, 5486, 5817, 6723, 7558, 8736, 9642, 12032, 13358, 14275, 14390, 14517, 14798
9554: 1741, 3196, 3961, 5817, 6947, 7133, 7453, 7860, 8015, 8286, 9642, 9752, 9755, 12069
9642: 1138, 1963, 2540, 3961, 4017, 5817, 6723, 7558, 7860, 8544, 8736, 8906, 9554, 9755, 12032, 14275, 14517
9752: 1741, 1963, 2540, 3196, 3627, 5013, 5817, 5829, 6947, 7527, 8015, 8286, 9554, 9755, 11406, 14517
9755: 2540, 5013, 6723, 7558, 8544, 8736, 9554, 9642, 9752, 11406, 12032, 14517, 14945
9931: 371, 3196, 4552, 4885, 5687, 11310, 12031
10139: 1906
10425: 3961
10562: 851, 1906, 4535, 4552, 4972, 7934, 11310, 12031, 13182, 13870
10814: 2217
10921: 7, 208, 1741, 1889, 3196, 3961, 5380, 7527, 8286, 12069
11310: 851, 4535, 4552, 4972, 5687, 9931, 10562, 12031, 13182, 13870
11406: 1741, 1963, 2217, 2540, 3627, 7558, 9752, 9755, 12032, 14390, 14517, 14798, 14945
12031: 371, 851, 4535, 4552, 4972, 7934, 9931, 10562, 11310, 12785, 13182
12032: 1963, 2217, 5817, 6723, 7558, 7860, 8736, 8906, 9642, 9755, 11406, 12785, 13358, 14275, 14390, 14517, 14798, 14945
12069: 1741, 1889, 3627, 3961, 5380, 6947, 9554, 10921
12785: 208, 371, 1741, 2540, 5013, 5817, 6723, 7860, 8736, 12031, 12032, 13358, 14275, 14779
13043: 
13182: 851, 1906, 4535, 4552, 4972, 6947, 7934, 10562, 11310, 12031, 13870
13358: 2217, 2540, 3961, 4017, 5013, 5817, 6723, 7558, 7860, 8286, 8736, 8906, 12032, 12785, 14390, 14517, 14779, 14798, 14945
13525: 8544
13870: 1906, 4552, 4972, 7133, 10562, 11310, 13182
14084: 
14275: 4017, 4458, 7860, 8544, 8736, 8886, 8906, 9642, 12032, 12785, 14779
14390: 371, 2217, 5817, 7860, 8736, 8906, 11406, 12032, 13358, 14798
14517: 371, 2540, 5486, 5817, 6723, 7558, 7860, 8544, 8736, 8906, 9642, 9752, 9755, 11406, 12032, 13358, 14945
14779: 4017, 5013, 7860, 8736, 12785, 13358, 14275
14798: 1963, 2217, 4017, 5380, 7860, 8736, 8906, 11406, 12032, 13358, 14390
14945: 5817, 6723, 7558, 8736, 9755, 11406, 12032, 13358, 14517
