130: 4207, 10765, 10882
732: 13521, 14354
840: 1190, 7151, 10765, 13602
1146: 6973
1190: 840, 7151, 10765, 10882, 13602
1221: 5408, 6341, 6954, 9411, 11052, 12926, 14354, 14945
1474: 4206, 8125, 8460, 12405
2449: 4207, 7151, 10765, 13602
2773: 6954
2781: 14902
2822: 5408, 8125
4206: 1474, 4207, 5408, 8125, 8460, 8955, 12405, 12975
4207: 130, 2449, 4206, 5408, 7151, 7211, 8125, 8460, 9999, 10765, 10882, 12975, 13238
5408: 1221, 2822, 4206, 4207, 6263, 6341, 6871, 6954, 6973, 8125, 8460, 9411, 11052, 12175, 12405, 12975, 14354, 14945
6070: 14076
6263: 5408, 6341, 6871, 6954, 11052, 14354
6341: 1221, 5408, 6263, 6871, 6954, 9411, 11052, 14354, 14945
6871: 5408, 6263, 6341, 6954, 6973, 7211, 11052, 12975, 14354, 14945
6954: 1221, 2773, 5408, 6263, 6341, 6871, 6973, 9411, 11052, 12926, 14354, 14945
6973: 1146, 5408, 6871, 6954, 10765
7151: 840, 1190, 2449, 4207, 10765, 13602
7211: 4207, 6871, 12175
8125: 1474, 2822, 4206, 4207, 5408, 8460, 12405, 12975, 14076
8460: 1474, 4206, 4207, 5408, 8125, 12405, 12975
8955: 4206
9411: 1221, 5408, 6341, 6954, 12926, 14945
9504: 12975
9999: 4207
10765: 130, 840, 1190, 2449, 4207, 6973, 7151, 10882, 13602, 14945
10882: 130, 1190, 4207, 10765, 13602
11052: 1221, 5408, 6263, 6341, 6871, 6954, 14354, 14945
11794: 13521
12175: 5408, 7211
12405: 1474, 4206, 5408, 8125, 8460
12926: 1221, 6954, 9411
12975: 4206, 4207, 5408, 6871, 8125, 8460, 9504
13238: 4207
13521: 732, 11794, 14354
13602: 840, 1190, 2449, 7151, 10765, 10882
13938: 
14076: 6070, 8125
14354: 732, 1221, 5408, 6263, 6341, 6871, 6954, 11052, 13521, 14945
14902: 2781
14945: 1221, 5408, 6341, 6871, 6954, 9411, 10765, 11052, 14354
