6: 1741, 5013, 7527, 10921
686: 3473
1741: 6, 2308, 2661, 3273, 3473, 4527, 5013, 6971, 7527, 8447, 10765, 10921, 11655, 13122, 13643
2203: 8447, 10095, 10752, 10765, 12862
2308: 1741, 2661, 3273, 8447, 10765, 10921, 11655, 13643
2661: 1741, 2308, 3273, 7913, 13643
2815: 3158, 6971, 6976, 7913, 8447, 10095, 10752, 10765, 10921, 12862
3028: 3473, 10765
3158: 2815, 6971, 8447, 10765
3273: 1741, 2308, 2661, 3634, 10765, 13643
3473: 686, 1741, 3028, 3595, 4527, 10765, 13122, 14325
3595: 3473
3634: 3273, 6829, 8447, 10921
3830: 14325
4527: 1741, 3473, 7527, 13122
4974: 6971, 6976, 10752, 12862
5013: 6, 1741, 8447, 10765, 14325
5758: 
6829: 3634
6971: 1741, 2815, 3158, 4974, 6976, 8447, 10752, 10765, 10921, 12862, 13643
6976: 2815, 4974, 6971, 8447, 10095, 10752, 10765, 12862
7527: 6, 1741, 4527, 10921, 13643
7913: 2661, 2815, 8447, 10095, 10464, 10752, 10765, 11655, 13643
8447: 1741, 2203, 2308, 2815, 3158, 3634, 5013, 6971, 6976, 7913, 10095, 10752, 10765, 12862, 13643
10095: 2203, 2815, 6976, 7913, 8447, 10752, 12862
10464: 7913
10752: 2203, 2815, 4974, 6971, 6976, 7913, 8447, 10095, 12862
10765: 1741, 2203, 2308, 2815, 3028, 3158, 3273, 3473, 5013, 6971, 6976, 7913, 8447, 13122, 13643, 14325
10921: 6, 1741, 2308, 2815, 3634, 6971, 7527, 11655, 13643
11655: 1741, 2308, 7913, 10921, 13643
12862: 2203, 2815, 4974, 6971, 6976, 8447, 10095, 10752
13122: 1741, 3473, 4527, 10765, 14325
13643: 1741, 2308, 2661, 3273, 6971, 7527, 7913, 8447, 10765, 10921, 11655
14325: 3473, 3830, 5013, 10765, 13122
