345: 536, 755, 758, 1270, 2931, 3309, 3779, 4162, 4942, 4955, 6090, 6405, 7915, 8957, 11546, 12256, 13515, 14467
449: 1216, 7243, 9846, 13882
536: 345, 722, 758, 1256, 1270, 2201, 3309, 3779, 4162, 4253, 4605, 6405, 6595, 7763, 8957, 9350, 9914, 9964, 11546, 11684, 12256, 14467
658: 722, 755, 758, 1270, 3020, 3309, 3779, 4253, 4605, 4822, 4955, 5400, 6090, 6405, 6595, 7763, 7795, 7966, 8957, 9964, 11194, 11546, 12256, 12916, 12944
722: 536, 658, 755, 758, 1270, 1752, 2393, 2931, 3020, 3309, 3779, 4253, 4605, 4822, 4942, 4955, 5400, 5487, 6090, 6405, 6595, 7763, 7795, 7915, 8957, 9070, 9350, 9914, 9964, 11194, 11546, 11684, 12916, 12944, 13515
755: 345, 658, 722, 758, 1903, 2393, 2931, 3309, 3779, 4007, 4605, 4822, 4942, 4955, 5400, 6090, 6405, 6595, 7763, 7915, 7966, 8533, 8957, 9070, 9350, 9914, 9964, 11194, 11546, 12256, 12916, 13515, 14570
758: 345, 536, 658, 722, 755, 1216, 1270, 1903, 2201, 2393, 2931, 3020, 3309, 3779, 4007, 4162, 4253, 4605, 4822, 4942, 4955, 5400, 5487, 6090, 6405, 6595, 7763, 7795, 7915, 7966, 8533, 8957, 9070, 9350, 9914, 9964, 11194, 11363, 11546, 11684, 12256, 12916, 12944, 13515, 13882, 14467, 14570
1216: 449, 758, 2462, 4948, 7243, 9846, 13882
1256: 536, 1270, 1903, 2931, 3309, 4942, 6595, 7763, 7915, 8957, 9070, 9914, 12256, 12916, 13515, 14467
1270: 345, 536, 658, 722, 758, 1256, 1752, 1903, 2201, 2931, 3309, 3779, 4007, 4162, 4605, 4822, 4942, 4955, 6090, 6405, 6595, 7763, 7795, 7915, 7966, 8957, 9070, 9914, 9964, 11194, 11546, 12256, 13515, 14467, 14570
1752: 722, 1270, 2201, 2393, 2931, 3020, 3309, 3779, 4007, 4605, 4942, 4955, 5400, 6405, 6595, 7763, 7915, 8533, 9964, 12256, 12916, 12944
1903: 755, 758, 1256, 1270, 2393, 2931, 3020, 3309, 4253, 4605, 4942, 5400, 6090, 6595, 7763, 7915, 7966, 8533, 8957, 9914, 9964, 11194, 12256, 12916, 12944, 13515, 14467
2076: 10039, 11546
2201: 536, 758, 1270, 1752, 2393, 2931, 3020, 3309, 4007, 4162, 4822, 5400, 6090, 6595, 7795, 8533, 8957, 9145, 9350, 9964, 11194, 11363, 12256, 12944, 14467, 14570
2393: 722, 755, 758, 1752, 1903, 2201, 2931, 3020, 3309, 3779, 4007, 4162, 4253, 4605, 4822, 4942, 4955, 5400, 6090, 6405, 6595, 7763, 7795, 7915, 7966, 8533, 8957, 9070, 9350, 9914, 9964, 11194, 11546, 12256, 12916, 13515, 14570
2462: 1216, 3309, 4942, 4948, 7243, 9846
2931: 345, 722, 755, 758, 1256, 1270, 1752, 1903, 2201, 2393, 3020, 3309, 3779, 4007, 4162, 4605, 4822, 4942, 4955, 5400, 6090, 6405, 6595, 7763, 7915, 7966, 8533, 8957, 9070, 9350, 9914, 9964, 10174, 11194, 11546, 12256, 12916, 12944, 13515, 14467
3020: 658, 722, 758, 1752, 1903, 2201, 2393, 2931, 3309, 3779, 4253, 4822, 4955, 5400, 6090, 6405, 6595, 7763, 7795, 7915, 7966, 8533, 8957, 9070, 9145, 9350, 9846, 9914, 9917, 9964, 11194, 11546, 11684, 12944, 13515
3309: 345, 536, 658, 722, 755, 758, 1256, 1270, 1752, 1903, 2201, 2393, 2462, 2931, 3020, 3779, 4007, 4253, 4605, 4822, 4942, 4955, 5400, 5487, 6090, 6405, 6595, 7763, 7915, 7966, 8533, 8957, 9070, 9350, 9914, 9964, 11194, 11363, 11546, 11684, 12256, 12916, 12944, 13515, 14467, 14570
3779: 345, 536, 658, 722, 755, 758, 1270, 1752, 2393, 2931, 3020, 3309, 4162, 4253, 4605, 4822, 4942, 4955, 6090, 6405, 6595, 7763, 7795, 7915, 8533, 8957, 9070, 9350, 9914, 9964, 11194, 11546, 12256, 12916, 13515, 14467, 14570
4007: 755, 758, 1270, 1752, 2201, 2393, 2931, 3309, 4822, 4942, 4955, 5400, 5487, 6405, 6595, 7915, 8533, 8957, 9964, 10039, 11194, 11546, 13515, 13882, 14467
4162: 345, 536, 758, 1270, 2201, 2393, 2931, 3779, 4605, 6405, 6595, 7763, 8957, 9350, 9914, 9964, 11194, 11684, 12256, 13515, 14467, 14570
4253: 536, 658, 722, 758, 1903, 2393, 3020, 3309, 3779, 4605, 4822, 4942, 4955, 5400, 6090, 6405, 6595, 7763, 7795, 7915, 7966, 8533, 9914, 9964, 11194, 11363, 11546, 12944, 14467
4605: 536, 658, 722, 755, 758, 1270, 1752, 1903, 2393, 2931, 3309, 3779, 4162, 4253, 4822, 4942, 4955, 5400, 6090, 6405, 6595, 7763, 7795, 7915, 7966, 8533, 8957, 9070, 9350, 9914, 9964, 11194, 11546, 12256, 12916, 12944, 13515, 14467, 14570
4822: 658, 722, 755, 758, 1270, 2201, 2393, 2931, 3020, 3309, 3779, 4007, 4253, 4605, 4942, 4955, 5400, 6090, 6405, 6595, 7763, 7915, 7966, 8533, 8957, 9070, 9350, 9914, 9964, 11194, 11546, 11684, 12256, 12916, 13515, 14467, 14570
4942: 345, 722, 755, 758, 1256, 1270, 1752, 1903, 2393, 2462, 2931, 3309, 3779, 4007, 4253, 4605, 4822, 4955, 5400, 5487, 6090, 6405, 6595, 7763, 7795, 7915, 7966, 8533, 8957, 9350, 9914, 9964, 11194, 11546, 12256, 12916, 12944, 13515, 14467
4948: 1216, 2462, 7243, 9846, 13882
4955: 345, 658, 722, 755, 758, 1270, 1752, 2393, 2931, 3020, 3309, 3779, 4007, 4253, 4605, 4822, 4942, 5400, 6090, 6405, 6595, 7763, 7915, 7966, 8533, 8957, 9070, 9350, 9914, 9964, 11194, 11363, 11546, 12256, 12916, 12944, 13515, 14467, 14570
5400: 658, 722, 755, 758, 1752, 1903, 2201, 2393, 2931, 3020, 3309, 4007, 4253, 4605, 4822, 4942, 4955, 6090, 6405, 6595, 7763, 7795, 7915, 7966, 8533, 8957, 9350, 9914, 9964, 11194, 11363, 11546, 12916, 12944, 13515
5487: 722, 758, 3309, 4007, 4942, 9917, 10039, 11546, 13515, 13882
6090: 345, 658, 722, 755, 758, 1270, 1903, 2201, 2393, 2931, 3020, 3309, 3779, 4253, 4605, 4822, 4942, 4955, 5400, 6405, 6595, 7795, 7915, 7966, 8533, 8957, 9070, 9145, 9350, 9914, 9964, 11194, 11546, 12916, 12944, 13515, 14570
6405: 345, 536, 658, 722, 755, 758, 1270, 1752, 2393, 2931, 3020, 3309, 3779, 4007, 4162, 4253, 4605, 4822, 4942, 4955, 5400, 6090, 6595, 7763, 7915, 8533, 8957, 9070, 9350, 9914, 9964, 11194, 11363, 11546, 11684, 12256, 12916, 12944, 13515, 14467, 14570
6595: 536, 658, 722, 755, 758, 1256, 1270, 1752, 1903, 2201, 2393, 2931, 3020, 3309, 3779, 4007, 4162, 4253, 4605, 4822, 4942, 4955, 5400, 6090, 6405, 7763, 7915, 7966, 8533, 8957, 9070, 9350, 9914, 9964, 11194, 11546, 11684, 12256, 12916, 12944, 13515, 14467, 14570
7243: 449, 1216, 2462, 4948, 9846, 13882
7763: 536, 658, 722, 755, 758, 1256, 1270, 1752, 1903, 2393, 2931, 3020, 3309, 3779, 4162, 4253, 4605, 4822, 4942, 4955, 5400, 6405, 6595, 7795, 7915, 7966, 8533, 8957, 9070, 9914, 9964, 11194, 11546, 11684, 12256, 12916, 12944, 13515, 14467, 14570
7795: 658, 722, 758, 1270, 2201, 2393, 3020, 3779, 4253, 4605, 4942, 5400, 6090, 7763, 7915, 7966, 8533, 8957, 9964, 11194, 11546, 12916
7915: 345, 722, 755, 758, 1256, 1270, 1752, 1903, 2393, 2931, 3020, 3309, 3779, 4007, 4253, 4605, 4822, 4942, 4955, 5400, 6090, 6405, 6595, 7763, 7795, 8533, 8957, 9070, 9350, 9914, 9964, 11194, 11546, 11684, 12256, 12916, 12944, 13515, 14467, 14570
7966: 658, 755, 758, 1270, 1903, 2393, 2931, 3020, 3309, 4253, 4605, 4822, 4942, 4955, 5400, 6090, 6595, 7763, 7795, 8533, 9350, 9914, 9964, 10174, 11194, 11363, 11546, 12916, 12944, 13515, 14467
8533: 755, 758, 1752, 1903, 2201, 2393, 2931, 3020, 3309, 3779, 4007, 4253, 4605, 4822, 4942, 4955, 5400, 6090, 6405, 6595, 7763, 7795, 7915, 7966, 8957, 9350, 9914, 9964, 11194, 11546, 11684, 12916, 12944
8957: 345, 536, 658, 722, 755, 758, 1256, 1270, 1903, 2201, 2393, 2931, 3020, 3309, 3779, 4007, 4162, 4605, 4822, 4942, 4955, 5400, 6090, 6405, 6595, 7763, 7795, 7915, 8533, 9070, 9350, 9914, 9964, 11194, 11546, 11684, 12256, 12916, 13515, 14467
9070: 722, 755, 758, 1256, 1270, 2393, 2931, 3020, 3309, 3779, 4605, 4822, 4955, 6090, 6405, 6595, 7763, 7915, 8957, 9350, 9964, 11194, 12916, 13515, 14467
9145: 2201, 3020, 6090, 9917, 10174, 11194, 11546
9350: 536, 722, 755, 758, 2201, 2393, 2931, 3020, 3309, 3779, 4162, 4605, 4822, 4942, 4955, 5400, 6090, 6405, 6595, 7915, 7966, 8533, 8957, 9070, 9964, 11194, 12944, 14467, 14570
9846: 449, 1216, 2462, 3020, 4948, 7243, 13882
9914: 536, 722, 755, 758, 1256, 1270, 1903, 2393, 2931, 3020, 3309, 3779, 4162, 4253, 4605, 4822, 4942, 4955, 5400, 6090, 6405, 6595, 7763, 7915, 7966, 8533, 8957, 9964, 11194, 11546, 11684, 12256, 12916, 12944, 13515, 14467
9917: 3020, 5487, 9145, 10174, 11194, 11546, 13515
9964: 536, 658, 722, 755, 758, 1270, 1752, 1903, 2201, 2393, 2931, 3020, 3309, 3779, 4007, 4162, 4253, 4605, 4822, 4942, 4955, 5400, 6090, 6405, 6595, 7763, 7795, 7915, 7966, 8533, 8957, 9070, 9350, 9914, 11194, 11363, 11546, 11684, 12256, 12916, 12944, 13515, 14467, 14570
10039: 2076, 4007, 5487, 11546
10174: 2931, 7966, 9145, 9917
11194: 658, 722, 755, 758, 1270, 1903, 2201, 2393, 2931, 3020, 3309, 3779, 4007, 4162, 4253, 4605, 4822, 4942, 4955, 5400, 6090, 6405, 6595, 7763, 7795, 7915, 7966, 8533, 8957, 9070, 9145, 9350, 9914, 9917, 9964, 11363, 11546, 12256, 12916, 12944, 13515
11363: 758, 2201, 3309, 4253, 4955, 5400, 6405, 7966, 9964, 11194, 11546, 12944
11546: 345, 536, 658, 722, 755, 758, 1270, 2076, 2393, 2931, 3020, 3309, 3779, 4007, 4253, 4605, 4822, 4942, 4955, 5400, 5487, 6090, 6405, 6595, 7763, 7795, 7915, 7966, 8533, 8957, 9145, 9914, 9917, 9964, 10039, 11194, 11363, 12256, 12916, 12944, 13515, 14467
11684: 536, 722, 758, 3020, 3309, 4162, 4822, 6405, 6595, 7763, 7915, 8533, 8957, 9914, 9964, 13515
12256: 345, 536, 658, 755, 758, 1256, 1270, 1752, 1903, 2201, 2393, 2931, 3309, 3779, 4162, 4605, 4822, 4942, 4955, 6405, 6595, 7763, 7915, 8957, 9914, 9964, 11194, 11546, 12916, 13515, 14467
12916: 658, 722, 755, 758, 1256, 1752, 1903, 2393, 2931, 3309, 3779, 4605, 4822, 4942, 4955, 5400, 6090, 6405, 6595, 7763, 7795, 7915, 7966, 8533, 8957, 9070, 9914, 9964, 11194, 11546, 12256, 13515, 14467
12944: 658, 722, 758, 1752, 1903, 2201, 2931, 3020, 3309, 4253, 4605, 4942, 4955, 5400, 6090, 6405, 6595, 7763, 7915, 7966, 8533, 9350, 9914, 9964, 11194, 11363, 11546, 13515
13515: 345, 722, 755, 758, 1256, 1270, 1903, 2393, 2931, 3020, 3309, 3779, 4007, 4162, 4605, 4822, 4942, 4955, 5400, 5487, 6090, 6405, 6595, 7763, 7915, 7966, 8957, 9070, 9914, 9917, 9964, 11194, 11546, 11684, 12256, 12916, 12944, 14467
13882: 449, 758, 1216, 4007, 4948, 5487, 7243, 9846
14467: 345, 536, 758, 1256, 1270, 1903, 2201, 2931, 3309, 3779, 4007, 4162, 4253, 4605, 4822, 4942, 4955, 6405, 6595, 7763, 7915, 7966, 8957, 9070, 9350, 9914, 9964, 11546, 12256, 12916, 13515
14570: 755, 758, 1270, 2201, 2393, 3309, 3779, 4162, 4605, 4822, 4955, 6090, 6405, 6595, 7763, 7915, 9350, 9964
