52: 8909, 12598, 14327
214: 773, 1977, 5934, 6987, 7621, 8909, 9054, 9318, 10720, 11407, 12598, 13184
548: 666, 773, 2469, 3000, 3870, 5782, 6953, 6987, 7020, 7621, 7808, 9054, 11762
603: 644, 1508, 1957, 1977, 4021, 4134, 4415, 5071, 5934, 6429, 6810, 8909, 9805, 10035, 11130, 11243, 11407, 11539, 12105, 12242, 12493, 12598, 12734, 12967, 14366
644: 603, 1508, 1957, 2641, 4021, 4134, 5071, 6429, 6810, 6973, 7621, 9183, 9805, 10035, 10662, 11130, 11243, 11539, 12105, 12242, 12598, 12967, 13184
666: 548, 773, 2469, 3980, 5608, 5782, 6953, 6973, 6987, 7020, 7139, 7621, 7808, 8886, 9054, 10301, 10674, 11668, 11762, 12169
773: 214, 548, 666, 1362, 1735, 1961, 2279, 2469, 3000, 3300, 3870, 3980, 5197, 5608, 5782, 5934, 6542, 6953, 6973, 6987, 7020, 7139, 7621, 7808, 8886, 9054, 9183, 10301, 10538, 10674, 11085, 11668, 11762, 12169, 12493, 12598, 12734, 12857, 14775
906: 2641, 2657, 4021, 5782, 6429, 6973, 10301, 11085, 11407, 11762
1362: 773, 1961, 2469, 3870, 5197, 5782, 5934, 7020, 7621, 10301, 10720, 12600, 14775
1508: 603, 644, 1957, 2641, 4021, 4134, 5071, 5376, 5672, 6429, 6810, 6973, 9776, 9805, 10035, 10662, 11130, 11243, 11539, 12105, 12242, 12598, 12967, 14775
1735: 773, 2469, 3870, 3920, 8547, 10538, 10720, 12745, 13912
1957: 603, 644, 1508, 2641, 4021, 5071, 5672, 6429, 6810, 8723, 9805, 10035, 10662, 11130, 11539, 12105, 12242, 12598, 12600, 12799, 12967, 13184
1961: 773, 1362, 3870, 5071, 5197, 5934, 7621, 10720, 11130, 12598, 12600, 14775
1977: 214, 603, 5672, 7621, 9318, 9776, 10155, 10720, 12598
2279: 773, 2469, 3000, 3300, 3870, 3980, 5608, 5782, 6542, 6953, 6973, 6987, 7621, 7808, 8886, 9054, 10301, 10538, 11762
2469: 548, 666, 773, 1362, 1735, 2279, 3000, 3300, 3870, 3980, 5197, 5608, 5782, 5934, 6542, 6953, 6973, 6987, 7020, 7621, 7808, 8886, 9054, 10301, 10538, 10674, 10720, 11668, 11762, 12169, 14775
2641: 644, 906, 1508, 1957, 2657, 4021, 4134, 5071, 6429, 6810, 6953, 6973, 10035, 10662, 11085, 11130, 11407, 11539, 12105, 12242, 12598
2657: 906, 2641, 4021, 4134, 5071, 6429, 6810, 6953, 6973, 10035, 10662, 11085, 11130, 11407, 11539, 12105, 12242, 12598
3000: 548, 773, 2279, 2469, 3300, 3870, 3980, 5197, 5608, 5782, 6542, 6953, 6973, 6987, 7020, 7621, 7808, 8547, 8886, 8909, 9054, 10538, 10674, 10720, 11668, 11762, 12169, 12598, 12745
3300: 773, 2279, 2469, 3000, 3980, 5608, 5782, 6542, 6973, 6987, 7020, 7621, 7808, 8547, 8886, 10538, 10720, 11668, 11762, 12598, 12745
3428: 5376, 7139, 9183, 9837, 10155, 12169, 14772
3870: 548, 773, 1362, 1735, 1961, 2279, 2469, 3000, 3920, 3980, 5197, 5608, 5782, 5934, 6542, 6953, 6973, 6987, 7020, 7621, 7808, 8547, 8886, 8909, 9054, 10301, 10674, 10720, 11668, 11762, 12169, 12493, 12745, 14775
3920: 1735, 3870, 5672, 7621, 8723, 9054, 10720, 12857, 13912
3980: 666, 773, 2279, 2469, 3000, 3300, 3870, 5608, 5782, 5934, 6542, 6953, 6973, 6987, 7020, 7621, 7808, 8886, 9054, 10301, 10538, 10720, 11668, 11762, 12169
4021: 603, 644, 906, 1508, 1957, 2641, 2657, 4134, 5071, 6429, 6810, 6973, 10035, 10662, 11085, 11130, 11243, 11407, 11539, 12242, 12598
4134: 603, 644, 1508, 2641, 2657, 4021, 5071, 6429, 6810, 6953, 6973, 10035, 10662, 11085, 11130, 11407, 11539, 12105, 12242, 12598, 12967
4415: 603, 5071, 5672, 6429, 6810, 7621, 8909, 11130, 11539, 12242, 12598, 12967
5006: 12857, 13912
5071: 603, 644, 1508, 1957, 1961, 2641, 2657, 4021, 4134, 4415, 5672, 6429, 6810, 6973, 9318, 9805, 10035, 10662, 11085, 11130, 11243, 11407, 11539, 12105, 12242, 12598, 12734, 12967, 14366, 14775
5197: 773, 1362, 1961, 2469, 3000, 3870, 5608, 6953, 6973, 7621, 8547, 10674, 10720, 11762, 12598, 12600, 13184, 14775
5376: 1508, 3428, 7621, 9183, 9776, 14772
5596: 7219, 7417, 12857
5608: 666, 773, 2279, 2469, 3000, 3300, 3870, 3980, 5197, 5782, 6953, 6973, 6987, 7020, 7139, 7621, 7808, 8547, 8886, 9054, 9183, 10538, 10720, 11668, 11762, 12169, 12598, 14772
5672: 1508, 1957, 1977, 3920, 4415, 5071, 6429, 7621, 9183, 9776, 11130, 12242, 12967
5782: 548, 666, 773, 906, 1362, 2279, 2469, 3000, 3300, 3870, 3980, 5608, 5934, 6542, 6953, 6973, 7020, 7621, 7808, 8886, 9054, 10301, 10538, 10674, 10720, 11668, 11762
5934: 214, 603, 773, 1362, 1961, 2469, 3870, 3980, 5782, 6953, 6973, 7020, 7621, 7808, 8909, 10301, 10720, 11130, 11762, 12493, 12598, 12734, 14775
6429: 603, 644, 906, 1508, 1957, 2641, 2657, 4021, 4134, 4415, 5071, 5672, 6810, 6953, 6973, 7808, 9805, 10035, 10662, 11085, 11130, 11243, 11407, 11539, 12105, 12242, 12598, 12967
6542: 773, 2279, 2469, 3000, 3300, 3870, 3980, 5782, 6953, 6987, 7020, 7621, 7808, 8886, 9054, 11668
6810: 603, 644, 1508, 1957, 2641, 2657, 4021, 4134, 4415, 5071, 6429, 6953, 6973, 9805, 10035, 10662, 11085, 11130, 11243, 11407, 11539, 12105, 12242, 12598, 12967
6953: 548, 666, 773, 2279, 2469, 2641, 2657, 3000, 3870, 3980, 4134, 5197, 5608, 5782, 5934, 6429, 6542, 6810, 6973, 6987, 7020, 7621, 7808, 8886, 9054, 10301, 10538, 10674, 11130, 11539, 11668, 11762, 12105
6973: 644, 666, 773, 906, 1508, 2279, 2469, 2641, 2657, 3000, 3300, 3870, 3980, 4021, 4134, 5071, 5197, 5608, 5782, 5934, 6429, 6810, 6953, 6987, 7020, 7621, 7808, 8547, 8886, 9054, 9805, 10035, 10301, 10538, 10662, 10674, 10720, 11085, 11130, 11407, 11539, 11668, 11762, 12105, 12169, 12242, 12598, 12745, 12967, 13184, 14775
6987: 214, 548, 666, 773, 2279, 2469, 3000, 3300, 3870, 3980, 5608, 6542, 6953, 6973, 7020, 7621, 7808, 8192, 8547, 8886, 9054, 9805, 10301, 10538, 10674, 10720, 11668, 11762, 12169, 12598, 12745, 14772
7020: 548, 666, 773, 1362, 2469, 3000, 3300, 3870, 3980, 5608, 5782, 5934, 6542, 6953, 6973, 6987, 7621, 7808, 8886, 8909, 9054, 10301, 10538, 10674, 11668, 11762, 12169, 12493, 14775
7139: 666, 773, 3428, 5608, 7621, 9318, 9837, 10155, 10538, 11668, 12169, 12598, 14772
7219: 5596, 7417, 11407, 12857
7417: 5596, 7219, 11668, 12857
7621: 214, 548, 644, 666, 773, 1362, 1961, 1977, 2279, 2469, 3000, 3300, 3870, 3920, 3980, 4415, 5197, 5376, 5608, 5672, 5782, 5934, 6542, 6953, 6973, 6987, 7020, 7139, 7808, 8547, 8886, 9054, 9183, 10301, 10538, 10674, 10720, 11407, 11668, 11762, 12169, 12493, 12598, 12799, 14772, 14775
7808: 548, 666, 773, 2279, 2469, 3000, 3300, 3870, 3980, 5608, 5782, 5934, 6429, 6542, 6953, 6973, 6987, 7020, 7621, 8547, 8886, 9054, 10301, 10538, 10674, 10720, 11668, 11762, 12169, 12745, 14775
8192: 6987
8547: 1735, 3000, 3300, 3870, 5197, 5608, 6973, 6987, 7621, 7808, 9054, 10538, 10674, 11762, 12169, 12745, 13184, 13912
8723: 1957, 3920, 12169, 12799
8886: 666, 773, 2279, 2469, 3000, 3300, 3870, 3980, 5608, 5782, 6542, 6953, 6973, 6987, 7020, 7621, 7808, 9054, 10301, 10538, 10674, 10720, 11668, 11762, 12169, 12598
8909: 52, 214, 603, 3000, 3870, 4415, 5934, 7020, 10720, 12242, 12598, 12967, 14775
9054: 214, 548, 666, 773, 2279, 2469, 3000, 3870, 3920, 3980, 5608, 5782, 6542, 6953, 6973, 6987, 7020, 7621, 7808, 8547, 8886, 10301, 10538, 10674, 10720, 11668, 11762, 12169, 12598, 12745, 14772
9183: 644, 773, 3428, 5376, 5608, 5672, 7621, 9776, 13184, 14772
9318: 214, 1977, 5071, 7139, 12598, 12734
9776: 1508, 1977, 5376, 5672, 9183, 14772
9805: 603, 644, 1508, 1957, 5071, 6429, 6810, 6973, 6987, 10662, 11130, 11407, 11539, 12105, 12242, 12598, 12967, 13184
9837: 3428, 7139, 10155, 14772
10035: 603, 644, 1508, 1957, 2641, 2657, 4021, 4134, 5071, 6429, 6810, 6973, 10662, 11085, 11130, 11243, 11407, 11539, 12105, 12242, 12598, 12734, 12967, 14366
10155: 1977, 3428, 7139, 9837, 12598, 14772
10301: 666, 773, 906, 1362, 2279, 2469, 3870, 3980, 5782, 5934, 6953, 6973, 6987, 7020, 7621, 7808, 8886, 9054, 10538, 10674, 10720, 11407, 11762
10538: 773, 1735, 2279, 2469, 3000, 3300, 3980, 5608, 5782, 6953, 6973, 6987, 7020, 7139, 7621, 7808, 8547, 8886, 9054, 10301, 11668, 11762, 12169, 12598, 12745
10662: 644, 1508, 1957, 2641, 2657, 4021, 4134, 5071, 6429, 6810, 6973, 9805, 10035, 11085, 11130, 11539, 12105, 12242, 12598, 12967, 13184
10674: 666, 773, 2469, 3000, 3870, 5197, 5782, 6953, 6973, 6987, 7020, 7621, 7808, 8547, 8886, 9054, 10301, 11762, 12169, 12745, 13184
10720: 214, 1362, 1735, 1961, 1977, 2469, 3000, 3300, 3870, 3920, 3980, 5197, 5608, 5782, 5934, 6973, 6987, 7621, 7808, 8886, 8909, 9054, 10301, 11085, 11668, 11762, 12169, 12493, 12598, 13184, 14775
11085: 773, 906, 2641, 2657, 4021, 4134, 5071, 6429, 6810, 6973, 10035, 10662, 10720, 11407, 11539, 12105, 12598
11130: 603, 644, 1508, 1957, 1961, 2641, 2657, 4021, 4134, 4415, 5071, 5672, 5934, 6429, 6810, 6953, 6973, 9805, 10035, 10662, 11243, 11407, 11539, 12105, 12242, 12598, 12734, 12967, 14366, 14775
11243: 603, 644, 1508, 4021, 5071, 6429, 6810, 10035, 11130, 11539, 12242, 12598, 12734, 12967
11407: 214, 603, 906, 2641, 2657, 4021, 4134, 5071, 6429, 6810, 6973, 7219, 7621, 9805, 10035, 10301, 11085, 11130, 11539, 12105, 12242, 12493, 12598
11539: 603, 644, 1508, 1957, 2641, 2657, 4021, 4134, 4415, 5071, 6429, 6810, 6953, 6973, 9805, 10035, 10662, 11085, 11130, 11243, 11407, 12242, 12598, 12600, 12734, 12967, 14366
11668: 666, 773, 2469, 3000, 3300, 3870, 3980, 5608, 5782, 6542, 6953, 6973, 6987, 7020, 7139, 7417, 7621, 7808, 8886, 9054, 10538, 10720, 11762, 12169
11762: 548, 666, 773, 906, 2279, 2469, 3000, 3300, 3870, 3980, 5197, 5608, 5782, 5934, 6953, 6973, 6987, 7020, 7621, 7808, 8547, 8886, 9054, 10301, 10538, 10674, 10720, 11668, 12169, 12745
12105: 603, 644, 1508, 1957, 2641, 2657, 4134, 5071, 6429, 6810, 6953, 6973, 9805, 10035, 10662, 11085, 11130, 11407, 12242, 12598, 12967
12169: 666, 773, 2469, 3000, 3428, 3870, 3980, 5608, 6973, 6987, 7020, 7139, 7621, 7808, 8547, 8723, 8886, 9054, 10538, 10674, 10720, 11668, 11762, 12598, 12600, 14772, 14775
12242: 603, 644, 1508, 1957, 2641, 2657, 4021, 4134, 4415, 5071, 5672, 6429, 6810, 6973, 8909, 9805, 10035, 10662, 11130, 11243, 11407, 11539, 12105, 12598, 12967
12493: 603, 773, 3870, 5934, 7020, 7621, 10720, 11407, 12598, 12857, 12967
12598: 52, 214, 603, 644, 773, 1508, 1957, 1961, 1977, 2641, 2657, 3000, 3300, 4021, 4134, 4415, 5071, 5197, 5608, 5934, 6429, 6810, 6973, 6987, 7139, 7621, 8886, 8909, 9054, 9318, 9805, 10035, 10155, 10538, 10662, 10720, 11085, 11130, 11243, 11407, 11539, 12105, 12169, 12242, 12493, 12734, 12967, 14366, 14775
12600: 1362, 1957, 1961, 5197, 11539, 12169, 14775
12734: 603, 773, 5071, 5934, 9318, 10035, 11130, 11243, 11539, 12598, 12967, 14366, 14775
12745: 1735, 3000, 3300, 3870, 6973, 6987, 7808, 8547, 9054, 10538, 10674, 11762, 13912
12799: 1957, 7621, 8723
12857: 773, 3920, 5006, 5596, 7219, 7417, 12493
12967: 603, 644, 1508, 1957, 4134, 4415, 5071, 5672, 6429, 6810, 6973, 8909, 9805, 10035, 10662, 11130, 11243, 11539, 12105, 12242, 12493, 12598, 12734
13184: 214, 644, 1957, 5197, 6973, 8547, 9183, 9805, 10662, 10674, 10720
13566: 14327
13912: 1735, 3920, 5006, 8547, 12745
14327: 52, 13566
14366: 603, 5071, 10035, 11130, 11539, 12598, 12734
14772: 3428, 5376, 5608, 6987, 7139, 7621, 9054, 9183, 9776, 9837, 10155, 12169
14775: 773, 1362, 1508, 1961, 2469, 3870, 5071, 5197, 5934, 6973, 7020, 7621, 7808, 8909, 10720, 11130, 12169, 12598, 12600, 12734
