69: 123, 726, 4077, 6812, 9791, 10266, 14200, 14751
123: 69, 726, 4077, 5893, 9791, 10266, 13240, 13384, 14200, 14751
726: 69, 123, 2003, 4077, 5893, 6812, 9791, 10266, 14200, 14751
793: 2003, 10641, 13240, 13614
2003: 726, 793, 3869, 10446, 13240
3317: 3869, 9082, 13059
3327: 8063
3380: 
3869: 2003, 3317, 9082, 13059
4077: 69, 123, 726, 8063, 9791, 10266, 13384, 14200, 14751
5893: 123, 726, 6812, 9791, 10266, 14200, 14751
6588: 14055
6812: 69, 726, 5893, 9791, 10266
7064: 
7404: 7519, 8063
7519: 7404, 8063, 12079, 13384, 14055
8063: 3327, 4077, 7404, 7519, 12079, 13384
9082: 3317, 3869, 13059
9791: 69, 123, 726, 4077, 5893, 6812, 10266, 13240, 13384, 14200, 14751
10266: 69, 123, 726, 4077, 5893, 6812, 9791, 14751
10446: 2003, 13240
10641: 793, 13240, 13614
11232: 
11514: 
12079: 7519, 8063, 13384
13059: 3317, 3869, 9082
13240: 123, 793, 2003, 9791, 10446, 10641
13384: 123, 4077, 7519, 8063, 9791, 12079
13614: 793, 10641
14055: 6588, 7519
14200: 69, 123, 726, 4077, 5893, 9791, 14751
14751: 69, 123, 726, 4077, 5893, 9791, 10266, 14200
