16: 691, 1696, 2675, 4273, 5935, 6087, 7389, 8834, 8979, 11629, 11832, 13740
381: 2761, 3449, 5541, 5793, 7002, 7117, 8016, 9727, 11011, 12656, 13081
447: 1696, 1776, 2133, 2292, 2382, 2565, 3041, 3498, 3820, 4233, 4650, 7256, 7848, 7884, 9362, 10343, 10490, 12010, 12494, 12791, 13081, 13740, 13885
464: 1183, 1367, 3325, 4028, 4650, 5098, 5393, 5793, 6219, 7256, 7680, 7848, 7860, 8011, 8647, 8834, 8979, 9000, 9814, 10205, 10316, 10343, 11524, 11648, 11706, 12035, 12494, 14301
476: 691, 5793, 6087, 7361, 13341
622: 1015, 1183, 1696, 1776, 2761, 3498, 4233, 4970, 6542, 6656, 7361, 7848, 7884, 11548, 11818, 12010, 12791, 13885, 14341
638: 1015, 1696, 1736, 1776, 3207, 3241, 3498, 3628, 4233, 4357, 4537, 4650, 4970, 5541, 5922, 5935, 6656, 6879, 7125, 7848, 7884, 8258, 9362, 11248, 11548, 11818, 11832, 12010, 12494, 12791, 13081, 13852, 13885, 14254, 14301, 14657, 14745
691: 16, 476, 7361
795: 2133, 2164, 2675, 3395, 4220, 4233, 4234, 4273, 4924, 5935, 6087, 6427, 7361, 9814, 10395, 10490, 11629, 11832, 13081, 13740
917: 1090, 1367, 2952, 3953, 4124, 4648, 5315, 5751, 7361, 8011, 8282, 8647, 8803, 8834, 9000, 10316, 11648, 13454, 14064
1015: 622, 638, 1696, 1736, 1776, 2133, 2382, 3144, 3207, 3241, 3498, 4233, 4650, 4970, 5393, 5541, 5922, 6409, 6656, 6827, 7125, 7361, 7848, 7884, 9362, 10734, 11248, 11548, 11818, 12010, 12141, 12494, 12791, 12924, 13081, 13852, 13885, 14254, 14301, 14657, 14745
1090: 917, 2952, 3953, 4124, 4648, 5315, 5751, 6392, 6567, 7680, 8011, 8282, 8647, 8803, 8834, 10316, 11648, 13454, 14064
1183: 464, 622, 2382, 2592, 2761, 3144, 3449, 3498, 3628, 4233, 4924, 4970, 6827, 6879, 7361, 7848, 8258, 8740, 10395, 10976, 11629, 12292, 12311, 13081, 13852, 14341, 14745
1367: 464, 917, 3530, 3953, 4028, 4124, 4233, 4648, 5098, 5315, 5399, 5751, 5793, 7680, 7860, 8011, 8282, 8647, 8803, 8834, 8979, 10316, 10334, 10395, 10496, 11648, 11706, 13081, 14064
1696: 16, 447, 622, 638, 1015, 1736, 1776, 2133, 2292, 2382, 2565, 3144, 3207, 3241, 3245, 3325, 3498, 3628, 3820, 3861, 3953, 4233, 4357, 4537, 4650, 4970, 5098, 5541, 5703, 5922, 5935, 6611, 6656, 6827, 7125, 7185, 7256, 7848, 7860, 7884, 8074, 8258, 8647, 8740, 8979, 9362, 9814, 9988, 10111, 10400, 10490, 10710, 10734, 11248, 11548, 11648, 11706, 11818, 12010, 12120, 12141, 12231, 12494, 12791, 12924, 13081, 13852, 13885, 14301, 14657, 14745
1736: 638, 1015, 1696, 1776, 2133, 3245, 3498, 3628, 4233, 4357, 4650, 5922, 6611, 6656, 6827, 6879, 7125, 7336, 7848, 7884, 8258, 10400, 11248, 12141, 12791, 13081, 13852, 13885, 13940, 14064, 14301, 14657, 14745
1776: 447, 622, 638, 1015, 1696, 1736, 2133, 2292, 2382, 2565, 3041, 3144, 3207, 3241, 3498, 3628, 3820, 3861, 4220, 4233, 4357, 4537, 4650, 4970, 5541, 5922, 6427, 6611, 6656, 6827, 6879, 7848, 7884, 8740, 9362, 10490, 10710, 10734, 11248, 11548, 11818, 12010, 12120, 12141, 12231, 12494, 12791, 12924, 13081, 13244, 13852, 13885, 13940, 14254, 14301, 14341, 14657
1988: 3530, 3953, 4028, 4233, 5399, 5793, 6835, 7361, 7680, 8011, 8834
2133: 447, 795, 1015, 1696, 1736, 1776, 2164, 2675, 3041, 3207, 3241, 3395, 3449, 3498, 3628, 3820, 3861, 4220, 4233, 4234, 4273, 4537, 4650, 4924, 5541, 5722, 5793, 5922, 5935, 6087, 6409, 6427, 6542, 6611, 6656, 6879, 7002, 7125, 7185, 7361, 7434, 7848, 7884, 8258, 9362, 9814, 10343, 10395, 10400, 10490, 10734, 11248, 11548, 11629, 11818, 11832, 12010, 12035, 12120, 12141, 12292, 12494, 12791, 13081, 13740, 13852, 13885, 13940, 14301, 14657, 14745
2164: 795, 2133, 2675, 3395, 4220, 4234, 4273, 4924, 5935, 6087, 7361, 9814, 10395, 10490, 11629, 11832, 12035, 13740, 13940
2258: 12980
2292: 447, 1696, 1776, 2565, 3245, 4650, 4729, 6219, 7848, 7884, 12010, 12494, 12791
2370: 4650, 10205, 13244, 13842
2382: 447, 1015, 1183, 1696, 1776, 3144, 3498, 3628, 4233, 4650, 4924, 6656, 6827, 6879, 7361, 7884, 8740, 10395, 11818, 12010, 12120, 12292, 12494, 12791, 12924, 13081, 13885, 14341
2425: 3325, 3969, 4060, 5393, 5399, 7256, 7848, 7860, 8834, 8979, 10111, 10316, 11524, 11648, 11706, 11953, 12494
2565: 447, 1696, 1776, 2292, 3245, 3530, 3820, 4650, 6219, 7848, 7884, 11037, 12010, 12494, 12791, 13885
2592: 1183, 2761, 3041, 3241, 4357, 4924, 6542, 6611, 7125, 7185, 7848, 10490, 11011, 11629
2675: 16, 795, 2133, 2164, 3395, 4220, 4233, 4234, 4273, 4924, 5935, 6087, 6427, 9814, 10205, 10395, 10490, 11629, 11832, 13081, 13740, 14745
2761: 381, 622, 1183, 2592, 3241, 3449, 5541, 5793, 6542, 6611, 7117, 8016, 9727, 11011, 12311, 12656, 12791
2952: 917, 1090, 3953, 4124, 4648, 5315, 8282, 8647, 10205, 11648, 13454, 14064
3041: 447, 1776, 2133, 2592, 3449, 3628, 4220, 4250, 4924, 5399, 5722, 6611, 7117, 7884, 8258, 8740, 10205, 11629, 12010
3144: 1015, 1183, 1696, 1776, 2382, 3628, 4233, 6409, 6427, 6611, 6827, 6879, 7002, 7185, 7361, 7848, 7884, 8740, 9727, 9814, 10395, 10734, 12010, 12120, 12141, 12791, 13885
3207: 638, 1015, 1696, 1776, 2133, 3498, 3861, 4233, 4537, 4650, 5541, 5922, 6656, 7125, 7848, 8258, 10734, 11248, 11818, 12791, 12924, 13081, 13852, 13885, 13940, 14254, 14301, 14657, 14745
3241: 638, 1015, 1696, 1776, 2133, 2592, 2761, 4233, 6542, 6611, 7848, 7884, 9362, 11011, 11818, 12035, 12791, 13885
3245: 1696, 1736, 2292, 2565, 7336, 8834
3269: 4250
3325: 464, 1696, 2425, 3969, 4060, 4273, 4555, 5098, 5393, 5541, 6865, 7256, 7639, 7860, 8011, 8647, 8834, 8979, 9000, 10205, 10316, 10458, 10496, 10922, 11524, 11648, 11706, 12062, 12494, 13244, 13341, 13532, 14341
3395: 795, 2133, 2164, 2675, 4124, 4220, 4234, 4924, 5722, 5935, 6087, 9814, 10395, 10490, 11629, 11832, 13081, 13740
3449: 381, 1183, 2133, 2761, 3041, 4233, 4924, 5541, 5793, 6409, 6827, 6879, 7002, 7117, 8016, 9727, 11818, 12120, 13740, 13885, 14745
3498: 447, 622, 638, 1015, 1183, 1696, 1736, 1776, 2133, 2382, 3207, 3628, 3861, 4233, 4357, 4537, 4650, 5541, 5922, 6656, 6827, 6879, 7125, 7848, 7884, 8258, 8740, 9362, 10343, 10400, 10490, 10734, 11248, 11832, 12010, 12494, 12791, 12924, 13081, 13852, 13885, 13940, 14254, 14657, 14745
3530: 1367, 1988, 2565, 3953, 4028, 5399, 5793, 6567, 6835, 7680, 7860, 8011, 8282, 8647, 8803, 8834, 10334, 10395
3628: 638, 1183, 1696, 1736, 1776, 2133, 2382, 3041, 3144, 3498, 3861, 4233, 4357, 4650, 4970, 5541, 5922, 6554, 6656, 6827, 6879, 7125, 7434, 7848, 8258, 8740, 10343, 10400, 11248, 12791, 13081, 13852, 13885, 14254, 14301, 14657, 14745
3637: 4970, 12292, 14341
3820: 447, 1696, 1776, 2133, 2565, 4650, 5935, 7389, 7884, 10343, 10490, 12010, 13740, 13842
3861: 1696, 1776, 2133, 3207, 3498, 3628, 4357, 4650, 5541, 6656, 7848, 7884, 8258, 10343, 10490, 10734, 11248, 12010, 12924, 13081, 13852, 13885, 14254, 14301, 14657
3953: 917, 1090, 1367, 1696, 1988, 2952, 3530, 4028, 4060, 4124, 4648, 5315, 5393, 5399, 5703, 5751, 5793, 6554, 6567, 6835, 7680, 7848, 8011, 8282, 8647, 8803, 8834, 9000, 9816, 10316, 10334, 11648, 11706, 12062, 12791, 13454, 14064, 14745
3969: 2425, 3325, 4060, 5393, 5541, 6219, 7860, 8979, 10111, 10316, 10922, 11524, 11548, 11706, 11953, 12494
4028: 464, 1367, 1988, 3530, 3953, 5098, 5399, 5793, 6567, 6835, 7680, 8011, 8282, 8647, 8803, 8834, 9816, 10334, 11706
4060: 2425, 3325, 3953, 3969, 5393, 6219, 7848, 7860, 8282, 8979, 10111, 10316, 11524, 11706, 11953, 12494, 12791
4124: 917, 1090, 1367, 2952, 3395, 3953, 4648, 5315, 5399, 5722, 5751, 6392, 6554, 7680, 8011, 8282, 8647, 8803, 10205, 10316, 11648, 12062, 12120, 13454, 13532, 14064
4220: 795, 1776, 2133, 2164, 2675, 3041, 3395, 4233, 4234, 4273, 4924, 6087, 6427, 6611, 6827, 7117, 7848, 8074, 8740, 9362, 9814, 10205, 10395, 10490, 11629, 11832, 12035, 12791, 13081, 13740, 13885, 13940
4233: 447, 622, 638, 795, 1015, 1183, 1367, 1696, 1736, 1776, 1988, 2133, 2382, 2675, 3144, 3207, 3241, 3449, 3498, 3628, 4220, 4234, 4273, 4650, 4924, 5541, 5793, 5922, 5935, 6087, 6427, 6656, 6827, 6879, 7848, 7884, 8258, 9362, 9814, 10343, 10395, 10490, 10734, 11548, 11629, 11818, 11832, 12010, 12292, 12494, 12791, 13081, 13740, 13852, 13885, 14657
4234: 795, 2133, 2164, 2675, 3395, 4220, 4233, 4273, 4924, 5935, 6087, 6427, 9814, 10395, 10490, 11629, 11832, 12035, 13081, 13740
4250: 3041, 3269, 7361, 8740, 10334, 10734, 11037, 12120, 13244, 13885
4273: 16, 795, 2133, 2164, 2675, 3325, 4220, 4233, 4234, 4357, 4924, 5935, 6087, 6427, 6611, 7361, 8258, 9000, 9814, 10395, 10490, 11629, 11818, 11832, 12035, 13081, 13740, 13940
4357: 638, 1696, 1736, 1776, 2592, 3498, 3628, 3861, 4273, 4537, 4650, 5541, 5922, 6427, 6611, 6656, 7125, 7185, 7848, 7860, 7884, 8258, 9988, 10400, 11248, 11818, 12010, 12494, 12791, 12924, 13081, 13740, 13852, 13885, 14301, 14657, 14745
4537: 638, 1696, 1776, 2133, 3207, 3498, 4357, 4650, 5541, 5922, 7125, 7848, 8258, 10490, 12791, 12924, 13081, 13852, 13885, 14254, 14301, 14657, 14745
4555: 3325, 10111
4648: 917, 1090, 1367, 2952, 3953, 4124, 5315, 5751, 6554, 8011, 8282, 8647, 9000, 10334, 11648, 13454, 14064
4650: 447, 464, 638, 1015, 1696, 1736, 1776, 2133, 2292, 2370, 2382, 2565, 3207, 3498, 3628, 3820, 3861, 4233, 4357, 4537, 4924, 5541, 5922, 5935, 6656, 6827, 6879, 7125, 7361, 7389, 7848, 7884, 8011, 8258, 8740, 9362, 10343, 10490, 10734, 11011, 11248, 11818, 11832, 12010, 12141, 12292, 12494, 12765, 12791, 12924, 13081, 13244, 13740, 13852, 13885, 13940, 14254, 14301, 14657, 14745
4729: 2292, 5393, 10316, 10400, 10976, 11648, 12141, 12765, 12980, 13081, 13954
4924: 795, 1183, 2133, 2164, 2382, 2592, 2675, 3041, 3395, 3449, 4220, 4233, 4234, 4273, 4650, 4970, 5541, 5935, 6087, 6427, 6611, 6827, 6879, 7361, 8740, 9814, 10343, 10395, 10490, 10976, 11524, 11629, 11818, 11832, 12035, 12120, 12292, 12311, 13081, 13740, 13940, 14341, 14657
4970: 622, 638, 1015, 1183, 1696, 1776, 3628, 3637, 4924, 5541, 6827, 7848, 7884, 8258, 10734, 11818, 11832, 12120, 12791, 13885, 14301, 14657, 14745
5098: 464, 1367, 1696, 3325, 4028, 5393, 5793, 7256, 7639, 7680, 7860, 8011, 8647, 8834, 8979, 10205, 10316, 10458, 10496, 11524, 11648, 11706, 12062, 12494, 13341, 13532
5315: 917, 1090, 1367, 2952, 3953, 4124, 4648, 5751, 7361, 7680, 8282, 8647, 8834, 9000, 10316, 10334, 11037, 11648, 12062, 13454, 14064
5393: 464, 1015, 2425, 3325, 3953, 3969, 4060, 4729, 5098, 6219, 7256, 7860, 8979, 10111, 10205, 10316, 10922, 11524, 11706, 11953, 12494, 13532
5399: 1367, 1988, 2425, 3041, 3530, 3953, 4028, 4124, 5541, 5793, 6835, 7256, 7680, 7860, 8011, 8647, 8803, 8834, 10334, 11648, 12141
5541: 381, 638, 1015, 1696, 1776, 2133, 2761, 3207, 3325, 3449, 3498, 3628, 3861, 3969, 4233, 4357, 4537, 4650, 4924, 4970, 5399, 5793, 5922, 6611, 7002, 7117, 7125, 7848, 7884, 8016, 8803, 9362, 9727, 10111, 10710, 11011, 11248, 11524, 11548, 11818, 12010, 12231, 12311, 12494, 12791, 13081, 13244, 13852, 13885, 14254, 14301, 14745
5703: 1696, 3953, 6087, 6611, 8282, 11524, 11648
5722: 2133, 3041, 3395, 4124, 7125, 11832
5751: 917, 1090, 1367, 3953, 4124, 4648, 5315, 6554, 7680, 7860, 8011, 8282, 8647, 8834, 10316, 10334, 11648, 13454, 14064
5793: 381, 464, 476, 1367, 1988, 2133, 2761, 3449, 3530, 3953, 4028, 4233, 5098, 5399, 5541, 6567, 6835, 7002, 7117, 7680, 8011, 8016, 8258, 8282, 8647, 8803, 8834, 8979, 9727, 9816, 10334, 10343, 10395, 11011
5922: 638, 1015, 1696, 1736, 1776, 2133, 3207, 3498, 3628, 4233, 4357, 4537, 4650, 5541, 6427, 6611, 6656, 7125, 7185, 7848, 7884, 8258, 10400, 11037, 11248, 11548, 11818, 12010, 12494, 12791, 12924, 13081, 13852, 13885, 13940, 14254, 14301, 14657, 14745
5935: 16, 638, 795, 1696, 2133, 2164, 2675, 3395, 3820, 4233, 4234, 4273, 4650, 4924, 6087, 6427, 9814, 10395, 10490, 11629, 11832, 12035, 12765, 13081, 13740
6087: 16, 476, 795, 2133, 2164, 2675, 3395, 4220, 4233, 4234, 4273, 4924, 5703, 5935, 6427, 7361, 10205, 10490, 11629, 11832, 13081, 13740
6219: 464, 2292, 2565, 3969, 4060, 5393, 7860, 8979, 11524, 11953
6392: 1090, 4124, 8282, 12120
6409: 1015, 2133, 3144, 3449, 9727, 12141, 14745
6427: 795, 1776, 2133, 2675, 3144, 4220, 4233, 4234, 4273, 4357, 4924, 5922, 5935, 6087, 6611, 6656, 7125, 7185, 9727, 9814, 10395, 10490, 11629, 11832, 13081, 13740, 13852, 13885
6542: 622, 2133, 2592, 2761, 3241, 6611, 6656, 6879, 7125, 7848, 8258, 10400, 10490, 11011, 13081, 13940, 14301, 14657, 14745
6554: 3628, 3953, 4124, 4648, 5751, 8011, 8834, 9000, 10316, 11648, 13454
6567: 1090, 3530, 3953, 4028, 5793, 6835, 7680, 8011, 8834
6611: 1696, 1736, 1776, 2133, 2592, 2761, 3041, 3144, 3241, 4220, 4273, 4357, 4924, 5541, 5703, 5922, 6427, 6542, 6879, 7125, 7185, 7848, 7884, 8074, 9727, 10490, 11011, 11629, 11818, 12120, 12141, 12231, 12494, 12791, 13842, 13852, 13940, 14301, 14657, 14745
6656: 622, 638, 1015, 1696, 1736, 1776, 2133, 2382, 3207, 3498, 3628, 3861, 4233, 4357, 4650, 5922, 6427, 6542, 7125, 7848, 7884, 8258, 10400, 10490, 11248, 12010, 12231, 12791, 12924, 13081, 13852, 13885, 14254, 14301, 14657, 14745
6827: 1015, 1183, 1696, 1736, 1776, 2382, 3144, 3449, 3498, 3628, 4220, 4233, 4650, 4924, 4970, 6879, 7848, 7884, 10490, 10976, 11011, 11548, 11818, 12120, 12791, 13081, 13244, 13885
6835: 1988, 3530, 3953, 4028, 5399, 5793, 6567, 7680, 8011, 8803, 8834, 9816
6865: 3325, 7256, 8834, 8979, 9000, 10205, 10316, 10496, 11706, 12062, 13341, 13532, 14064
6879: 638, 1183, 1736, 1776, 2133, 2382, 3144, 3449, 3498, 3628, 4233, 4650, 4924, 6542, 6611, 6827, 7848, 10734, 10976, 11037, 11629, 12292, 12791, 13081, 13244, 13740, 13885, 14657
6913: 7361, 9362, 13454
7002: 381, 2133, 3144, 3449, 5541, 5793, 7117, 7361, 8011, 8016, 9727, 12656
7117: 381, 2761, 3041, 3449, 4220, 5541, 5793, 7002, 8016, 9727, 12231, 12656
7125: 638, 1015, 1696, 1736, 2133, 2592, 3207, 3498, 3628, 4357, 4537, 4650, 5541, 5722, 5922, 6427, 6542, 6611, 6656, 7848, 8258, 9814, 10343, 10400, 11248, 11818, 12010, 12791, 13081, 13852, 13885, 13940, 14254, 14301, 14657, 14745
7185: 1696, 2133, 2592, 3144, 4357, 5922, 6427, 6611, 7361, 7434, 7848, 9727, 10400, 12120, 12791
7256: 447, 464, 1696, 2425, 3325, 5098, 5393, 5399, 6865, 7860, 8647, 8979, 10205, 10316, 10922, 11524, 11648, 11706, 12494
7336: 1736, 3245, 7361
7361: 476, 622, 691, 795, 917, 1015, 1183, 1988, 2133, 2164, 2382, 3144, 4250, 4273, 4650, 4924, 5315, 6087, 6913, 7002, 7185, 7336, 7434, 7680, 7848, 8803, 10490, 10734, 12010, 12292, 12791, 13885, 13940, 14064
7389: 16, 3820, 4650, 7860, 8834, 9000, 10205, 10316, 10334, 10496, 11648, 12062, 12765, 13341, 13532, 13740
7434: 2133, 3628, 7185, 7361, 8740, 9727, 10734
7639: 3325, 5098, 7860, 8979, 9000, 10111, 10205, 10922, 13341
7680: 464, 1090, 1367, 1988, 3530, 3953, 4028, 4124, 5098, 5315, 5399, 5751, 5793, 6567, 6835, 7361, 8011, 8282, 8647, 8803, 8834, 9816, 10111, 10334, 11648, 11706, 13454
7848: 447, 464, 622, 638, 1015, 1183, 1696, 1736, 1776, 2133, 2292, 2425, 2565, 2592, 3144, 3207, 3241, 3498, 3628, 3861, 3953, 4060, 4220, 4233, 4357, 4537, 4650, 4970, 5541, 5922, 6542, 6611, 6656, 6827, 6879, 7125, 7185, 7361, 7884, 8258, 8740, 9362, 10343, 10395, 10490, 10710, 10734, 11248, 11548, 11706, 11818, 12010, 12292, 12494, 12791, 12924, 13081, 13852, 13885, 14254, 14301, 14657, 14745
7860: 464, 1367, 1696, 2425, 3325, 3530, 3969, 4060, 4357, 5098, 5393, 5399, 5751, 6219, 7256, 7389, 7639, 8011, 8647, 8803, 8834, 8979, 9000, 10111, 10205, 10316, 10334, 10496, 10922, 11524, 11629, 11648, 11706, 11953, 12062, 12494
7884: 447, 622, 638, 1015, 1696, 1736, 1776, 2133, 2292, 2382, 2565, 3041, 3144, 3241, 3498, 3820, 3861, 4233, 4357, 4650, 4970, 5541, 5922, 6611, 6656, 6827, 7848, 8740, 9362, 10395, 10490, 11248, 11548, 11818, 12010, 12120, 12141, 12231, 12494, 12791, 12924, 13081, 13244, 13852, 13885, 14254, 14341, 14657
8011: 464, 917, 1090, 1367, 1988, 3325, 3530, 3953, 4028, 4124, 4648, 4650, 5098, 5399, 5751, 5793, 6554, 6567, 6835, 7002, 7680, 7860, 8282, 8647, 8803, 8834, 9362, 9816, 10334, 11706, 11832, 13454, 13885
8016: 381, 2761, 3449, 5541, 5793, 7002, 7117, 9727, 11011, 12656
8074: 1696, 4220, 6611
8258: 638, 1183, 1696, 1736, 2133, 3041, 3207, 3498, 3628, 3861, 4233, 4273, 4357, 4537, 4650, 4970, 5793, 5922, 6542, 6656, 7125, 7848, 10343, 10395, 10400, 10490, 11248, 11818, 12791, 13081, 13852, 13885, 14254, 14301, 14657, 14745
8282: 917, 1090, 1367, 2952, 3530, 3953, 4028, 4060, 4124, 4648, 5315, 5703, 5751, 5793, 6392, 7680, 8011, 8647, 8803, 8834, 8979, 9000, 10334, 11037, 11648, 12062, 13454, 14064
8647: 464, 917, 1090, 1367, 1696, 2952, 3325, 3530, 3953, 4028, 4124, 4648, 5098, 5315, 5399, 5751, 5793, 7256, 7680, 7860, 8011, 8282, 8803, 8834, 8979, 9816, 10334, 11037, 11648, 11706, 12494, 14064
8740: 1183, 1696, 1776, 2382, 3041, 3144, 3498, 3628, 4220, 4250, 4650, 4924, 7434, 7848, 7884, 10395, 10490, 12010, 12120, 12494, 12791, 13885
8803: 917, 1090, 1367, 3530, 3953, 4028, 4124, 5399, 5541, 5793, 6835, 7361, 7680, 7860, 8011, 8282, 8647, 8834, 8979, 10111, 10334, 10496, 11648, 11832, 12494, 14064
8834: 16, 464, 917, 1090, 1367, 1988, 2425, 3245, 3325, 3530, 3953, 4028, 5098, 5315, 5399, 5751, 5793, 6554, 6567, 6835, 6865, 7389, 7680, 7860, 8011, 8282, 8647, 8803, 8979, 9816, 10316, 10334, 10496, 10922, 11648, 11706, 13454
8979: 16, 464, 1367, 1696, 2425, 3325, 3969, 4060, 5098, 5393, 5793, 6219, 6865, 7256, 7639, 7860, 8282, 8647, 8803, 8834, 9000, 10111, 10205, 10316, 10496, 10922, 11524, 11648, 11706, 11953, 12062, 12494, 13341, 13532
9000: 464, 917, 3325, 3953, 4273, 4648, 5315, 6554, 6865, 7389, 7639, 7860, 8282, 8979, 10111, 10205, 10316, 10496, 10922, 11524, 11629, 11648, 11706, 11832, 12062, 13341, 13454, 13532, 13740, 14064
9362: 447, 638, 1015, 1696, 1776, 2133, 3241, 3498, 4220, 4233, 4650, 5541, 6913, 7848, 7884, 8011, 10205, 10400, 10710, 11548, 11818, 12010, 12141, 12494, 12791, 13081, 13740, 13885
9727: 381, 2761, 3144, 3449, 5541, 5793, 6409, 6427, 6611, 7002, 7117, 7185, 7434, 8016, 9814, 11011, 12120, 12231, 12656
9814: 464, 795, 1696, 2133, 2164, 2675, 3144, 3395, 4220, 4233, 4234, 4273, 4924, 5935, 6427, 7125, 9727, 10395, 10400, 10490, 11629, 11832, 12035, 12120, 13081, 13740, 13940
9816: 3953, 4028, 5793, 6835, 7680, 8011, 8647, 8834
9988: 1696, 4357, 11629, 11832, 12120
10111: 1696, 2425, 3969, 4060, 4555, 5393, 5541, 7639, 7680, 7860, 8803, 8979, 9000, 10205, 10316, 11548, 11706, 12062, 12494
10205: 464, 2370, 2675, 2952, 3041, 3325, 4124, 4220, 5098, 5393, 6087, 6865, 7256, 7389, 7639, 7860, 8979, 9000, 9362, 10111, 10316, 10496, 11524, 11629, 11648, 11706, 11832, 11953, 12062, 12494, 13341, 13532, 13852, 14064, 14745
10316: 464, 917, 1090, 1367, 2425, 3325, 3953, 3969, 4060, 4124, 4729, 5098, 5315, 5393, 5751, 6554, 6865, 7256, 7389, 7860, 8834, 8979, 9000, 10111, 10205, 10496, 10922, 11648, 11706, 11953, 12062, 12494, 13341, 13454, 13532
10334: 1367, 3530, 3953, 4028, 4250, 4648, 5315, 5399, 5751, 5793, 7389, 7680, 7860, 8011, 8282, 8647, 8803, 8834, 10496, 11648, 12120
10343: 447, 464, 2133, 3498, 3628, 3820, 3861, 4233, 4650, 4924, 5793, 7125, 7848, 8258, 10490, 10976, 11629, 12231, 12791, 12924, 13081, 13740, 13885, 13940, 14657, 14745
10395: 795, 1183, 1367, 2133, 2164, 2382, 2675, 3144, 3395, 3530, 4220, 4233, 4234, 4273, 4924, 5793, 5935, 6427, 7848, 7884, 8258, 8740, 9814, 10490, 11629, 11832, 12035, 12120, 12494, 12791, 13081, 13740, 13885
10396: 10976
10400: 1696, 1736, 2133, 3498, 3628, 4357, 4729, 5922, 6542, 6656, 7125, 7185, 8258, 9362, 9814, 10490, 11818, 12035, 12292, 13852, 13940, 14657, 14745
10458: 3325, 5098, 11248
10490: 447, 795, 1696, 1776, 2133, 2164, 2592, 2675, 3395, 3498, 3820, 3861, 4220, 4233, 4234, 4273, 4537, 4650, 4924, 5935, 6087, 6427, 6542, 6611, 6656, 6827, 7361, 7848, 7884, 8258, 8740, 9814, 10343, 10395, 10400, 11248, 11629, 11818, 11832, 12010, 12035, 12120, 12924, 13081, 13740, 13940
10496: 1367, 3325, 5098, 6865, 7389, 7860, 8803, 8834, 8979, 9000, 10205, 10316, 10334, 11648, 11706, 12062, 13341, 13532, 14064
10710: 1696, 1776, 5541, 7848, 9362, 11548, 12010, 12494, 12791
10734: 1015, 1696, 1776, 2133, 3144, 3207, 3498, 3861, 4233, 4250, 4650, 4970, 6879, 7361, 7434, 7848, 12791, 13081, 13852, 13885, 14301
10922: 3325, 3969, 5393, 7256, 7639, 7860, 8834, 8979, 9000, 10316, 11706, 11953
10976: 1183, 4729, 4924, 6827, 6879, 10343, 10396, 11832, 12292, 12791, 13532
11011: 381, 2592, 2761, 3241, 4650, 5541, 5793, 6542, 6611, 6827, 8016, 9727, 12656, 13081, 13885
11037: 2565, 4250, 5315, 5922, 6879, 8282, 8647, 12010, 12292
11248: 638, 1015, 1696, 1736, 1776, 2133, 3207, 3498, 3628, 3861, 4357, 4650, 5541, 5922, 6656, 7125, 7848, 7884, 8258, 10458, 10490, 11832, 12791, 12924, 13081, 13852, 13885, 13940, 14301, 14657, 14745
11524: 464, 2425, 3325, 3969, 4060, 4924, 5098, 5393, 5541, 5703, 6219, 7256, 7860, 8979, 9000, 10205, 11706, 11953, 12494
11548: 622, 638, 1015, 1696, 1776, 2133, 3969, 4233, 5541, 5922, 6827, 7848, 7884, 9362, 10111, 10710, 12010, 12141, 12494, 12791, 13081, 13885, 14657, 14745
11629: 16, 795, 1183, 2133, 2164, 2592, 2675, 3041, 3395, 4220, 4233, 4234, 4273, 4924, 5935, 6087, 6427, 6611, 6879, 7860, 9000, 9814, 9988, 10205, 10343, 10395, 10490, 11818, 11832, 12035, 13081, 13740, 14745
11648: 464, 917, 1090, 1367, 1696, 2425, 2952, 3325, 3953, 4124, 4648, 4729, 5098, 5315, 5399, 5703, 5751, 6554, 7256, 7389, 7680, 7860, 8282, 8647, 8803, 8834, 8979, 9000, 10205, 10316, 10334, 10496, 11706, 12062, 12494, 13454, 13532, 14064
11706: 464, 1367, 1696, 2425, 3325, 3953, 3969, 4028, 4060, 5098, 5393, 6865, 7256, 7680, 7848, 7860, 8011, 8647, 8834, 8979, 9000, 10111, 10205, 10316, 10496, 10922, 11524, 11648, 11953, 12062, 12494, 13341, 13532
11818: 622, 638, 1015, 1696, 1776, 2133, 2382, 3207, 3241, 3449, 4233, 4273, 4357, 4650, 4924, 4970, 5541, 5922, 6611, 6827, 7125, 7848, 7884, 8258, 9362, 10400, 10490, 11629, 11832, 12010, 12494, 12791, 13081, 13740, 13852, 13885, 14301, 14657, 14745
11832: 16, 638, 795, 2133, 2164, 2675, 3395, 3498, 4220, 4233, 4234, 4273, 4650, 4924, 4970, 5722, 5935, 6087, 6427, 8011, 8803, 9000, 9814, 9988, 10205, 10395, 10490, 10976, 11248, 11629, 11818, 13081, 13532, 13740, 14657
11953: 2425, 3969, 4060, 5393, 6219, 7860, 8979, 10205, 10316, 10922, 11524, 11706, 12062, 12494
12010: 447, 622, 638, 1015, 1696, 1776, 2133, 2292, 2382, 2565, 3041, 3144, 3498, 3820, 3861, 4233, 4357, 4650, 5541, 5922, 6656, 7125, 7361, 7848, 7884, 8740, 9362, 10490, 10710, 11037, 11548, 11818, 12141, 12231, 12494, 12791, 12924, 13081, 13244, 13852, 13885, 13940, 14254, 14301, 14745
12035: 464, 2133, 2164, 3241, 4220, 4234, 4273, 4924, 5935, 9814, 10395, 10400, 10490, 11629, 12494, 13740, 13940
12062: 3325, 3953, 4124, 5098, 5315, 6865, 7389, 7860, 8282, 8979, 9000, 10111, 10205, 10316, 10496, 11648, 11706, 11953, 13341, 13454, 13532
12120: 1696, 1776, 2133, 2382, 3144, 3449, 4124, 4250, 4924, 4970, 6392, 6611, 6827, 7185, 7884, 8740, 9727, 9814, 9988, 10334, 10395, 10490, 13885
12141: 1015, 1696, 1736, 1776, 2133, 3144, 4650, 4729, 5399, 6409, 6611, 7884, 9362, 11548, 12010, 12494, 12791, 13081, 13885, 14657
12231: 1696, 1776, 5541, 6611, 6656, 7117, 7884, 9727, 10343, 12010, 13244, 13885, 13940
12292: 1183, 2133, 2382, 3637, 4233, 4650, 4924, 6879, 7361, 7848, 10400, 10976, 11037, 12791, 13244, 13740, 13885
12311: 1183, 2761, 4924, 5541
12494: 447, 464, 638, 1015, 1696, 1776, 2133, 2292, 2382, 2425, 2565, 3325, 3498, 3969, 4060, 4233, 4357, 4650, 5098, 5393, 5541, 5922, 6611, 7256, 7848, 7860, 7884, 8647, 8740, 8803, 8979, 9362, 10111, 10205, 10316, 10395, 10710, 11524, 11548, 11648, 11706, 11818, 11953, 12010, 12035, 12141, 12791, 13081, 13244, 13852, 13885, 14301, 14657, 14745
12656: 381, 2761, 7002, 7117, 8016, 9727, 11011
12765: 4650, 4729, 5935, 7389, 13740
12791: 447, 622, 638, 1015, 1696, 1736, 1776, 2133, 2292, 2382, 2565, 2761, 3144, 3207, 3241, 3498, 3628, 3953, 4060, 4220, 4233, 4357, 4537, 4650, 4970, 5541, 5922, 6611, 6656, 6827, 6879, 7125, 7185, 7361, 7848, 7884, 8258, 8740, 9362, 10343, 10395, 10710, 10734, 10976, 11248, 11548, 11818, 12010, 12141, 12292, 12494, 12924, 13081, 13852, 13885, 14254, 14301, 14657, 14745
12924: 1015, 1696, 1776, 2382, 3207, 3498, 3861, 4357, 4537, 4650, 5922, 6656, 7848, 7884, 10343, 10490, 11248, 12010, 12791, 13081, 13885, 14254, 14301, 14657
12980: 2258, 4729
13081: 381, 447, 638, 795, 1015, 1183, 1367, 1696, 1736, 1776, 2133, 2382, 2675, 3207, 3395, 3498, 3628, 3861, 4220, 4233, 4234, 4273, 4357, 4537, 4650, 4729, 4924, 5541, 5922, 5935, 6087, 6427, 6542, 6656, 6827, 6879, 7125, 7848, 7884, 8258, 9362, 9814, 10343, 10395, 10490, 10734, 11011, 11248, 11548, 11629, 11818, 11832, 12010, 12141, 12494, 12791, 12924, 13244, 13740, 13852, 13885, 13940, 14254, 14301, 14657, 14745
13244: 1776, 2370, 3325, 4250, 4650, 5541, 6827, 6879, 7884, 12010, 12231, 12292, 12494, 13081
13341: 476, 3325, 5098, 6865, 7389, 7639, 8979, 9000, 10205, 10316, 10496, 11706, 12062, 13532
13454: 917, 1090, 2952, 3953, 4124, 4648, 5315, 5751, 6554, 6913, 7680, 8011, 8282, 8834, 9000, 10316, 11648, 12062
13532: 3325, 4124, 5098, 5393, 6865, 7389, 8979, 9000, 10205, 10316, 10496, 10976, 11648, 11706, 11832, 12062, 13341, 14064
13740: 16, 447, 795, 2133, 2164, 2675, 3395, 3449, 3820, 4220, 4233, 4234, 4273, 4357, 4650, 4924, 5935, 6087, 6427, 6879, 7389, 9000, 9362, 9814, 10343, 10395, 10490, 11629, 11818, 11832, 12035, 12292, 12765, 13081, 13940
13842: 2370, 3820, 6611
13852: 638, 1015, 1183, 1696, 1736, 1776, 2133, 3207, 3498, 3628, 3861, 4233, 4357, 4537, 4650, 5541, 5922, 6427, 6611, 6656, 7125, 7848, 7884, 8258, 10205, 10400, 10734, 11248, 11818, 12010, 12494, 12791, 13081, 13885, 13940, 14254, 14301, 14657, 14745
13885: 447, 622, 638, 1015, 1696, 1736, 1776, 2133, 2382, 2565, 3144, 3207, 3241, 3449, 3498, 3628, 3861, 4220, 4233, 4250, 4357, 4537, 4650, 4970, 5541, 5922, 6427, 6656, 6827, 6879, 7125, 7361, 7848, 7884, 8011, 8258, 8740, 9362, 10343, 10395, 10734, 11011, 11248, 11548, 11818, 12010, 12120, 12141, 12231, 12292, 12494, 12791, 12924, 13081, 13852, 14254, 14301, 14657, 14745
13940: 1736, 1776, 2133, 2164, 3207, 3498, 4220, 4273, 4650, 4924, 5922, 6542, 6611, 7125, 7361, 9814, 10343, 10400, 10490, 11248, 12010, 12035, 12231, 13081, 13740, 13852, 14657
13954: 4729
14064: 917, 1090, 1367, 1736, 2952, 3953, 4124, 4648, 5315, 5751, 6865, 7361, 8282, 8647, 8803, 9000, 10205, 10496, 11648, 13532
14254: 638, 1015, 1776, 3207, 3498, 3628, 3861, 4537, 4650, 5541, 5922, 6656, 7125, 7848, 7884, 8258, 12010, 12791, 12924, 13081, 13852, 13885, 14657
14301: 464, 638, 1015, 1696, 1736, 1776, 2133, 3207, 3628, 3861, 4357, 4537, 4650, 4970, 5541, 5922, 6542, 6611, 6656, 7125, 7848, 8258, 10734, 11248, 11818, 12010, 12494, 12791, 12924, 13081, 13852, 13885, 14657, 14745
14341: 622, 1183, 1776, 2382, 3325, 3637, 4924, 7884
14657: 638, 1015, 1696, 1736, 1776, 2133, 3207, 3498, 3628, 3861, 4233, 4357, 4537, 4650, 4924, 4970, 5922, 6542, 6611, 6656, 6879, 7125, 7848, 7884, 8258, 10343, 10400, 11248, 11548, 11818, 11832, 12141, 12494, 12791, 12924, 13081, 13852, 13885, 13940, 14254, 14301, 14745
14745: 638, 1015, 1183, 1696, 1736, 2133, 2675, 3207, 3449, 3498, 3628, 3953, 4357, 4537, 4650, 4970, 5541, 5922, 6409, 6542, 6611, 6656, 7125, 7848, 8258, 10205, 10343, 10400, 11248, 11548, 11629, 11818, 12010, 12494, 12791, 13081, 13852, 13885, 14301, 14657
