22: 9850, 11864, 11997, 13721
222: 
307: 1790, 2271, 3505, 7029, 9394, 10860, 11805, 12450, 14788
539: 2060, 13430, 13655, 14788
749: 1608, 2660, 5971, 6162, 9401, 9558, 10640, 13659, 14788, 14839
765: 2660, 3895, 4331, 4825, 5275, 5602, 6678, 7361, 7618, 8195, 8332, 9799, 10412, 10640, 11646, 12662, 13175, 13191, 13299, 14331, 14542, 14724, 14839
775: 11770, 13899
887: 3505, 7078, 8415, 10512, 10860, 11805, 12450, 13722, 13865, 14788
946: 1608, 2660, 2854, 3362, 3895, 4108, 4651, 5275, 6162, 6884, 7233, 7889, 8195, 8332, 8456, 8709, 8753, 8935, 9114, 9558, 9799, 9931, 10412, 10554, 10640, 10998, 11864, 12229, 12468, 12864, 13003, 13175, 13242, 13299, 13430, 13659, 13672, 13865, 13899, 14515, 14542, 14788, 14839
1608: 749, 946, 3895, 4331, 5275, 5737, 5971, 6162, 7889, 8195, 8332, 8946, 9401, 9558, 9799, 9931, 10412, 10554, 13175, 13659, 13672, 14788, 14839
1790: 307, 2271, 2882, 3505, 4092, 7029, 7078, 8393, 8415, 9394, 10412, 10512, 10860, 11558, 11805, 13865, 14412, 14610, 14788
1876: 2854, 3362, 3895, 4825, 7867, 8753, 9114, 9931, 10554, 10998, 12468, 13899, 14724
2060: 539, 11646, 13655
2271: 307, 1790, 2436, 2882, 3505, 4092, 5971, 6690, 7029, 8393, 8415, 9394, 10860, 11646, 11805, 12128, 12450, 12864, 13187, 13659, 14412, 14610, 14788
2315: 10412, 11785, 13966
2436: 2271, 3505, 4331, 4825, 5971, 7029, 7153, 9394, 10860, 11805, 12450, 14309, 14788
2660: 749, 765, 946, 3216, 3362, 3895, 4331, 5275, 5602, 5737, 5852, 6162, 7233, 8195, 8332, 8456, 8753, 8935, 9558, 9931, 10412, 10554, 10640, 10998, 11864, 12229, 12468, 12490, 13003, 13191, 13242, 13299, 13659, 13672, 13722, 13850, 13865, 13899, 14515, 14542, 14788
2721: 7361, 7889, 9114, 13721
2854: 946, 1876, 3362, 4651, 7618, 8332, 8935, 10640, 10998, 13242, 13299, 13430, 13899
2882: 1790, 2271, 3505, 4092, 6690, 7029, 7078, 8393, 8415, 9394, 9558, 9624, 10512, 10860, 11646, 11805, 12450, 13110, 13722, 13865, 14412, 14610, 14788
3216: 2660, 3895, 4651, 6678, 7233, 7889, 8024, 8223, 8709, 9114, 10640, 11646, 12388, 12419, 12468, 12490, 13003, 13430, 13899, 14127, 14331, 14515, 14542, 14788
3362: 946, 1876, 2660, 2854, 4651, 7618, 7867, 8195, 8332, 8456, 10640, 10985, 10998, 11646, 12468, 13003, 13299, 13430, 13899, 14127, 14331, 14542
3399: 13430
3505: 307, 887, 1790, 2271, 2436, 2882, 4092, 5971, 5986, 6277, 6690, 7029, 7078, 8393, 8415, 8780, 9394, 9624, 10512, 10860, 11558, 11805, 12450, 12732, 13110, 13865, 14412, 14610, 14788
3895: 765, 946, 1608, 1876, 2660, 3216, 4331, 5051, 5275, 5602, 6162, 6277, 6678, 6690, 7889, 8195, 8709, 8946, 9114, 9558, 9799, 9931, 10412, 10512, 10554, 10640, 10998, 12128, 12450, 12468, 12490, 12875, 13003, 13175, 13191, 13659, 13672, 13722, 14542, 14788, 14839
4092: 1790, 2271, 2882, 3505, 6162, 7029, 7153, 8393, 8415, 9394, 9558, 9799, 10412, 10512, 10860, 11558, 11805, 12450, 13175, 13672, 13722, 13865, 14412, 14610, 14788
4108: 946, 8456, 10640, 11864, 13850, 14788
4331: 765, 1608, 2436, 2660, 3895, 5051, 5275, 5602, 5971, 6162, 6277, 6678, 7029, 7078, 8195, 8332, 8709, 8780, 8946, 9114, 9401, 9558, 9799, 9931, 10412, 10512, 10554, 10640, 11646, 11805, 12468, 13003, 13175, 13191, 13659, 14331, 14542, 14788
4368: 4651, 8946, 11646, 12468, 12662, 13721, 14788
4518: 14788
4651: 946, 2854, 3216, 3362, 4368, 6411, 7618, 7889, 8332, 8456, 8935, 10640, 10998, 11864, 12468, 13242, 13299, 13430, 13899, 14127, 14788
4825: 765, 1876, 2436, 5602, 7361, 8780, 10512, 13659
4927: 7889, 13299, 13672
5051: 3895, 4331, 5275, 6678, 8223, 8332, 8709, 8946, 9558, 9931, 10998, 12468, 12490, 13003, 14331, 14515
5275: 765, 946, 1608, 2660, 3895, 4331, 5051, 5602, 5852, 6162, 6678, 6690, 6884, 7233, 7889, 8195, 8332, 8393, 8709, 8946, 9114, 9394, 9401, 9558, 9799, 9850, 9931, 10412, 10554, 10640, 11646, 12128, 12450, 12468, 12490, 12662, 13003, 13175, 13187, 13191, 13299, 13659, 13672, 13722, 13850, 13865, 13966, 14309, 14331, 14515, 14542, 14788, 14839
5602: 765, 2660, 3895, 4331, 4825, 5275, 6162, 6678, 7233, 7361, 7867, 8195, 8223, 8332, 8456, 9799, 9850, 9931, 10412, 10640, 10985, 10998, 11646, 12662, 13003, 13175, 13191, 13672, 13850, 14331, 14542, 14724
5737: 1608, 2660, 7233, 7867, 8753, 9799, 10640, 12468, 12490, 13175, 13672, 13850, 14788
5852: 2660, 5275, 6690, 9394, 9558, 9850, 10640, 11805, 12128, 12468, 12732, 12875, 13175, 13187, 13722
5971: 749, 1608, 2271, 2436, 3505, 4331, 6162, 6884, 7029, 8946, 9394, 9401, 11805, 12450, 13659, 14788
5986: 3505, 6690, 7153, 8415, 8780, 10860, 12450, 13865, 14788
6162: 749, 946, 1608, 2660, 3895, 4092, 4331, 5275, 5602, 5971, 6678, 7889, 8195, 8223, 8332, 8709, 8749, 8946, 9114, 9267, 9401, 9558, 9799, 9931, 10045, 10412, 10554, 10640, 11646, 12229, 12468, 13003, 13175, 13191, 13659, 13672, 13722, 13865, 13966, 14331, 14788, 14839
6277: 3505, 3895, 4331, 6690, 7078, 7153, 8415, 8780, 9394, 9558, 9624, 10512, 10860, 11805, 12128, 12450, 12732, 13865, 14788
6411: 4651, 13242
6678: 765, 3216, 3895, 4331, 5051, 5275, 5602, 6162, 7233, 8195, 8223, 8332, 8709, 8753, 9558, 9931, 10412, 10554, 11770, 12388, 12468, 12490, 13659, 13966, 14331, 14788
6690: 2271, 2882, 3505, 3895, 5275, 5852, 5986, 6277, 8415, 8780, 9558, 10512, 10860, 11805, 12450, 13722, 13865, 14788
6884: 946, 5275, 5971, 7618, 7889, 8332, 8753, 9401, 9931, 10554, 10640, 11864, 13242, 13299, 13430, 13659, 14542, 14788
7029: 307, 1790, 2271, 2436, 2882, 3505, 4092, 4331, 5971, 7153, 8393, 8415, 9394, 9558, 10860, 11646, 11805, 12450, 13191, 13659, 14412, 14788
7078: 887, 1790, 2882, 3505, 4331, 6277, 7153, 8393, 8415, 8780, 9394, 9558, 9624, 10412, 10512, 10860, 11805, 12450, 12732, 13191, 13722, 14412, 14788
7153: 2436, 4092, 5986, 6277, 7029, 7078, 7361, 8415, 9394, 9558, 10512, 11805, 12450, 12864, 14788
7233: 946, 2660, 3216, 5275, 5602, 5737, 6678, 7889, 8332, 8393, 8753, 9114, 9558, 9931, 10045, 10412, 10554, 10640, 10998, 12468, 12490, 13003, 13175, 13850, 13899, 13966, 14127, 14515, 14542, 14788, 14839
7272: 7361
7344: 11646
7361: 765, 2721, 4825, 5602, 7153, 7272, 8456, 8780, 9114, 10412, 10512, 11770, 12419, 12450, 12468, 12662, 13003, 13721, 13984, 14788
7618: 765, 2854, 3362, 4651, 6884, 8195, 9799, 10640, 10998, 11864, 12468, 13003, 13299, 13430, 14127, 14542, 14788
7867: 1876, 3362, 5602, 5737, 8195, 8332, 8456, 10640, 13850, 13865, 14331, 14788
7889: 946, 1608, 2721, 3216, 3895, 4651, 4927, 5275, 6162, 6884, 7233, 8024, 8195, 8456, 8753, 8935, 9799, 9931, 10412, 10554, 10640, 10985, 11646, 12468, 12490, 13003, 13175, 13242, 13299, 13659, 13672, 14515, 14788, 14839
8024: 3216, 7889, 10412, 10640, 11646, 13003, 14127, 14515, 14875
8195: 765, 946, 1608, 2660, 3362, 3895, 4331, 5275, 5602, 6162, 6678, 7618, 7867, 7889, 8223, 8332, 8456, 8753, 9558, 9799, 9850, 9931, 10412, 10554, 10640, 10998, 11864, 12468, 13003, 13175, 13191, 13430, 13659, 13672, 13966, 14331, 14542, 14788, 14839
8223: 3216, 5051, 5602, 6162, 6678, 8195, 8332, 8456, 8753, 9850, 9931, 10412, 10554, 12388, 12468, 12490, 13003, 13659, 13721, 13966, 14331, 14788, 14875
8332: 765, 946, 1608, 2660, 2854, 3362, 4331, 4651, 5051, 5275, 5602, 6162, 6678, 6884, 7233, 7867, 8195, 8223, 8456, 8709, 8753, 8935, 9114, 9401, 9558, 9850, 9931, 10412, 10554, 10640, 10985, 10998, 12468, 12490, 12662, 13003, 13175, 13191, 13430, 13659, 13672, 13850, 13899, 14127, 14331, 14515, 14542, 14788
8393: 1790, 2271, 2882, 3505, 4092, 5275, 7029, 7078, 7233, 8415, 9267, 9558, 9799, 10412, 10512, 11558, 11646, 11805, 12450, 12468, 13175, 14412, 14610, 14788, 14839
8415: 887, 1790, 2271, 2882, 3505, 4092, 5986, 6277, 6690, 7029, 7078, 7153, 8393, 8780, 9394, 9624, 10412, 10512, 10860, 11805, 12450, 12875, 13722, 13865, 14412, 14610, 14788
8456: 946, 2660, 3362, 4108, 4651, 5602, 7361, 7867, 7889, 8195, 8223, 8332, 8935, 9850, 10640, 11646, 11997, 13242, 13299, 13721, 13850, 13865, 14331, 14788
8709: 946, 3216, 3895, 4331, 5051, 5275, 6162, 6678, 8332, 8753, 9931, 10554, 10640, 10985, 11770, 12229, 12468, 13659, 13899, 14542, 14788
8749: 6162, 10860, 14788
8753: 946, 1876, 2660, 5737, 6678, 6884, 7233, 7889, 8195, 8223, 8332, 8709, 9114, 9931, 10554, 10640, 10998, 12229, 12468, 12490, 13003, 13175, 13299, 13430, 13672, 13722, 13966, 14127, 14331, 14515, 14542, 14788
8780: 3505, 4331, 4825, 5986, 6277, 6690, 7078, 7361, 8415, 10512, 13865
8935: 946, 2660, 2854, 4651, 7889, 8332, 8456, 10412, 10998, 11864, 12468, 13003, 13242, 14788
8946: 1608, 3895, 4331, 4368, 5051, 5275, 5971, 6162, 9558, 9931, 10640, 10998, 12128, 12450, 13003, 13191, 13659, 13722, 14724, 14788
9114: 946, 1876, 2721, 3216, 3895, 4331, 5275, 6162, 7233, 7361, 8332, 8753, 9558, 9931, 10412, 10554, 10640, 11646, 12229, 12468, 12875, 13003, 13175, 13659, 13672, 13850, 14515, 14542, 14788
9267: 6162, 8393, 9401, 9558, 9799, 10412, 12468, 12490, 13175, 13672, 14788, 14839
9394: 307, 1790, 2271, 2436, 2882, 3505, 4092, 5275, 5852, 5971, 6277, 7029, 7078, 7153, 8415, 10512, 10860, 11805, 12450, 14309, 14788
9401: 749, 1608, 4331, 5275, 5971, 6162, 6884, 8332, 9267, 9931, 10554, 13175, 13659, 13672, 14542, 14788
9558: 749, 946, 1608, 2660, 2882, 3895, 4092, 4331, 5051, 5275, 5852, 6162, 6277, 6678, 6690, 7029, 7078, 7153, 7233, 8195, 8332, 8393, 8946, 9114, 9267, 9799, 9931, 10412, 10512, 10554, 10640, 10998, 11646, 12128, 12450, 12468, 12875, 13003, 13175, 13659, 13672, 13722, 14127, 14515, 14788
9624: 2882, 3505, 6277, 7078, 8415, 10512, 10860, 11805, 12128, 12450, 12732, 13110, 14788
9799: 765, 946, 1608, 3895, 4092, 4331, 5275, 5602, 5737, 6162, 7618, 7889, 8195, 8393, 9267, 9558, 9931, 10045, 10412, 10554, 10640, 12468, 12490, 13175, 13659, 13672, 13850, 14788, 14839
9850: 22, 5275, 5602, 5852, 8195, 8223, 8332, 8456, 10412, 11997, 12468, 13187, 13721, 13850, 14331
9931: 946, 1608, 1876, 2660, 3895, 4331, 5051, 5275, 5602, 6162, 6678, 6884, 7233, 7889, 8195, 8223, 8332, 8709, 8753, 8946, 9114, 9401, 9558, 9799, 10412, 10554, 10640, 10998, 11646, 12468, 12490, 13003, 13175, 13191, 13659, 13672, 13722, 13899, 14127, 14331, 14515, 14542, 14788, 14839
10045: 6162, 7233, 9799, 10412, 10640, 12468, 12490, 13175, 13672, 14788
10412: 765, 946, 1608, 1790, 2315, 2660, 3895, 4092, 4331, 5275, 5602, 6162, 6678, 7078, 7233, 7361, 7889, 8024, 8195, 8223, 8332, 8393, 8415, 8935, 9114, 9267, 9558, 9799, 9850, 9931, 10045, 10554, 10640, 11646, 11864, 12128, 12468, 12490, 13003, 13175, 13187, 13191, 13299, 13659, 13672, 13899, 13966, 14331, 14412, 14610, 14788, 14839
10512: 887, 1790, 2882, 3505, 3895, 4092, 4331, 4825, 6277, 6690, 7078, 7153, 7361, 8393, 8415, 8780, 9394, 9558, 9624, 10860, 11558, 11805, 12128, 12450, 12732, 12864, 13865, 14412, 14610, 14788
10554: 946, 1608, 1876, 2660, 3895, 4331, 5275, 6162, 6678, 6884, 7233, 7889, 8195, 8223, 8332, 8709, 8753, 9114, 9401, 9558, 9799, 9931, 10412, 11646, 12468, 13003, 13175, 13191, 13299, 13659, 13672, 13966, 14542, 14788, 14839
10640: 749, 765, 946, 2660, 2854, 3216, 3362, 3895, 4108, 4331, 4651, 5275, 5602, 5737, 5852, 6162, 6884, 7233, 7618, 7867, 7889, 8024, 8195, 8332, 8456, 8709, 8753, 8946, 9114, 9558, 9799, 9931, 10045, 10412, 10998, 11864, 12128, 12229, 12468, 12490, 12875, 13003, 13175, 13187, 13191, 13242, 13299, 13430, 13659, 13672, 13850, 13865, 13899, 13966, 14127, 14331, 14515, 14542, 14724, 14788, 14839
10860: 307, 887, 1790, 2271, 2436, 2882, 3505, 4092, 5986, 6277, 6690, 7029, 7078, 8415, 8749, 9394, 9624, 10512, 11558, 11805, 12450, 12864, 13722, 13865, 14309, 14788
10985: 3362, 5602, 7889, 8332, 8709
10998: 946, 1876, 2660, 2854, 3362, 3895, 4651, 5051, 5602, 7233, 7618, 8195, 8332, 8753, 8935, 8946, 9558, 9931, 10640, 11864, 12490, 13003, 13175, 13242, 13299, 13672, 13899, 14515, 14788
11558: 1790, 3505, 4092, 8393, 10512, 10860, 14412, 14610, 14788
11646: 765, 2060, 2271, 2882, 3216, 3362, 4331, 4368, 5275, 5602, 6162, 7029, 7344, 7889, 8024, 8393, 8456, 9114, 9558, 9931, 10412, 10554, 11785, 11805, 12419, 12468, 12490, 13187, 13655, 13659, 13672, 13721, 13850, 14309, 14331, 14542, 14724, 14788, 14839, 14875
11770: 775, 6678, 7361, 8709
11785: 2315, 11646, 13003
11805: 307, 887, 1790, 2271, 2436, 2882, 3505, 4092, 4331, 5852, 5971, 6277, 6690, 7029, 7078, 7153, 8393, 8415, 9394, 9624, 10512, 10860, 11646, 12128, 12450, 12732, 13003, 13110, 13187, 13722, 13865, 14788
11864: 22, 946, 2660, 4108, 4651, 6884, 7618, 8195, 8935, 10412, 10640, 10998, 13242, 13299, 13430, 13899, 14542, 14788
11997: 22, 8456, 9850, 13430, 13721
12128: 2271, 3895, 5275, 5852, 6277, 8946, 9558, 9624, 10412, 10512, 10640, 11805, 12450, 12468, 12732, 12875, 13175, 13187, 13722
12229: 946, 2660, 6162, 8709, 8753, 9114, 10640, 12468, 13659, 14542, 14788
12388: 3216, 6678, 8223, 13003, 13966, 14331, 14875
12419: 3216, 7361, 11646, 12490, 13899, 14724
12450: 307, 887, 2271, 2436, 2882, 3505, 3895, 4092, 5275, 5971, 5986, 6277, 6690, 7029, 7078, 7153, 7361, 8393, 8415, 8946, 9394, 9558, 9624, 10512, 10860, 11805, 12128, 12732, 12864, 13110, 13722, 13865, 14309, 14788
12468: 946, 1876, 2660, 3216, 3362, 3895, 4331, 4368, 4651, 5051, 5275, 5737, 5852, 6162, 6678, 7233, 7361, 7618, 7889, 8195, 8223, 8332, 8393, 8709, 8753, 8935, 9114, 9267, 9558, 9799, 9850, 9931, 10045, 10412, 10554, 10640, 11646, 12128, 12229, 12490, 12875, 13003, 13175, 13187, 13191, 13299, 13659, 13672, 13899, 13966, 14127, 14331, 14515, 14542, 14788, 14839
12490: 2660, 3216, 3895, 5051, 5275, 5737, 6678, 7233, 7889, 8223, 8332, 8753, 9267, 9799, 9931, 10045, 10412, 10640, 10998, 11646, 12419, 12468, 13003, 13175, 13299, 13672, 13899, 14724, 14788, 14839, 14875
12662: 765, 4368, 5275, 5602, 7361, 8332, 13850, 14788
12732: 3505, 5852, 6277, 7078, 9624, 10512, 11805, 12128, 12450, 13110, 14788
12864: 946, 2271, 7153, 10512, 10860, 12450, 13865, 14788
12875: 3895, 5852, 8415, 9114, 9558, 10640, 12128, 12468, 13187, 13899
13003: 946, 2660, 3216, 3362, 3895, 4331, 5051, 5275, 5602, 6162, 7233, 7361, 7618, 7889, 8024, 8195, 8223, 8332, 8753, 8935, 8946, 9114, 9558, 9931, 10412, 10554, 10640, 10998, 11785, 11805, 12388, 12468, 12490, 13175, 13191, 13299, 13659, 13672, 13850, 13899, 13966, 14127, 14331, 14515, 14542, 14724, 14788, 14839, 14875
13110: 2882, 3505, 9624, 11805, 12450, 12732, 13865, 14788
13175: 765, 946, 1608, 3895, 4092, 4331, 5275, 5602, 5737, 5852, 6162, 7233, 7889, 8195, 8332, 8393, 8753, 9114, 9267, 9401, 9558, 9799, 9931, 10045, 10412, 10554, 10640, 10998, 12128, 12468, 12490, 13003, 13187, 13191, 13299, 13659, 13672, 13722, 13850, 14788, 14839, 14875
13187: 2271, 5275, 5852, 9850, 10412, 10640, 11646, 11805, 12128, 12468, 12875, 13175
13191: 765, 2660, 3895, 4331, 5275, 5602, 6162, 7029, 7078, 8195, 8332, 8946, 9931, 10412, 10554, 10640, 12468, 13003, 13175, 13659, 14331, 14788, 14839
13242: 946, 2660, 2854, 4651, 6411, 6884, 7889, 8456, 8935, 10640, 10998, 11864, 13299, 13899, 14788
13299: 765, 946, 2660, 2854, 3362, 4651, 4927, 5275, 6884, 7618, 7889, 8456, 8753, 10412, 10554, 10640, 10998, 11864, 12468, 12490, 13003, 13175, 13242, 13672, 13899, 13966, 14788, 14839
13430: 539, 946, 2854, 3216, 3362, 3399, 4651, 6884, 7618, 8195, 8332, 8753, 10640, 11864, 11997, 14127, 14515, 14788
13655: 539, 2060, 11646
13659: 749, 946, 1608, 2271, 2660, 3895, 4331, 4825, 5275, 5971, 6162, 6678, 6884, 7029, 7889, 8195, 8223, 8332, 8709, 8946, 9114, 9401, 9558, 9799, 9931, 10412, 10554, 10640, 11646, 12229, 12468, 13003, 13175, 13191, 13672, 13722, 14542, 14724, 14788, 14839
13672: 946, 1608, 2660, 3895, 4092, 4927, 5275, 5602, 5737, 6162, 7889, 8195, 8332, 8753, 9114, 9267, 9401, 9558, 9799, 9931, 10045, 10412, 10554, 10640, 10998, 11646, 12468, 12490, 13003, 13175, 13299, 13659, 13850, 13899, 13966, 14515, 14542, 14788, 14839, 14875
13721: 22, 2721, 4368, 7361, 8223, 8456, 9850, 11646, 11997
13722: 887, 2660, 2882, 3895, 4092, 5275, 5852, 6162, 6690, 7078, 8415, 8753, 8946, 9558, 9931, 10860, 11805, 12128, 12450, 13175, 13659, 14412, 14610
13850: 2660, 4108, 5275, 5602, 5737, 7233, 7867, 8332, 8456, 9114, 9799, 9850, 10640, 11646, 12662, 13003, 13175, 13672, 14515, 14788, 14839
13865: 887, 946, 1790, 2660, 2882, 3505, 4092, 5275, 5986, 6162, 6277, 6690, 7867, 8415, 8456, 8780, 10512, 10640, 10860, 11805, 12450, 12864, 13110, 14412, 14610, 14788
13899: 775, 946, 1876, 2660, 2854, 3216, 3362, 4651, 7233, 8332, 8709, 9931, 10412, 10640, 10998, 11864, 12419, 12468, 12490, 12875, 13003, 13242, 13299, 13672, 13984, 14127, 14724, 14788
13966: 2315, 5275, 6162, 6678, 7233, 8195, 8223, 8753, 10412, 10554, 10640, 12388, 12468, 13003, 13299, 13672, 14127, 14724, 14788
13984: 7361, 13899, 14788
14127: 3216, 3362, 4651, 7233, 7618, 8024, 8332, 8753, 9558, 9931, 10640, 12468, 13003, 13430, 13899, 13966, 14515, 14724, 14788
14309: 2436, 5275, 9394, 10860, 11646, 12450, 14788
14331: 765, 3216, 3362, 4331, 5051, 5275, 5602, 6162, 6678, 7867, 8195, 8223, 8332, 8456, 8753, 9850, 9931, 10412, 10640, 11646, 12388, 12468, 13003, 13191, 14515, 14788, 14875
14412: 1790, 2271, 2882, 3505, 4092, 7029, 7078, 8393, 8415, 10412, 10512, 11558, 13722, 13865, 14610
14515: 946, 2660, 3216, 5051, 5275, 7233, 7889, 8024, 8332, 8753, 9114, 9558, 9931, 10640, 10998, 12468, 13003, 13430, 13672, 13850, 14127, 14331, 14542, 14788
14542: 765, 946, 2660, 3216, 3362, 3895, 4331, 5275, 5602, 6884, 7233, 7618, 8195, 8332, 8709, 8753, 9114, 9401, 9931, 10554, 10640, 11646, 11864, 12229, 12468, 13003, 13659, 13672, 14515, 14788
14610: 1790, 2271, 2882, 3505, 4092, 8393, 8415, 10412, 10512, 11558, 13722, 13865, 14412
14724: 765, 1876, 5602, 8946, 10640, 11646, 12419, 12490, 13003, 13659, 13899, 13966, 14127
14788: 307, 539, 749, 887, 946, 1608, 1790, 2271, 2436, 2660, 2882, 3216, 3505, 3895, 4092, 4108, 4331, 4368, 4518, 4651, 5275, 5737, 5971, 5986, 6162, 6277, 6678, 6690, 6884, 7029, 7078, 7153, 7233, 7361, 7618, 7867, 7889, 8195, 8223, 8332, 8393, 8415, 8456, 8709, 8749, 8753, 8935, 8946, 9114, 9267, 9394, 9401, 9558, 9624, 9799, 9931, 10045, 10412, 10512, 10554, 10640, 10860, 10998, 11558, 11646, 11805, 11864, 12229, 12450, 12468, 12490, 12662, 12732, 12864, 13003, 13110, 13175, 13191, 13242, 13299, 13430, 13659, 13672, 13850, 13865, 13899, 13966, 13984, 14127, 14309, 14331, 14515, 14542, 14839
14839: 749, 765, 946, 1608, 3895, 5275, 6162, 7233, 7889, 8195, 8393, 9267, 9799, 9931, 10412, 10554, 10640, 11646, 12468, 12490, 13003, 13175, 13191, 13299, 13659, 13672, 13850, 14788
14875: 8024, 8223, 11646, 12388, 12490, 13003, 13175, 13672, 14331
